552.93359375	525.148193359375
554.171875	525.2794799804688
555.4091796875	501.1610107421875
556.646484375	533.627197265625
557.8828125	505.4549560546875
559.119140625	544.0052490234375
560.35546875	501.6614990234375
561.591796875	505.8332214355469
562.8271484375	540.3644409179688
564.0625	538.4746704101562
565.2978515625	542.6583862304688
566.5322265625	504.3117980957031
567.7666015625	488.2303771972656
569.0009765625	532.9315185546875
570.234375	529.0101928710938
571.4677734375	525.0868530273438
572.701171875	549.551513671875
573.93359375	523.3190307617188
575.166015625	578.2283325195312
576.3984375	547.9310302734375
577.6298828125	531.8276977539062
578.8623046875	523.837890625
580.0927734375	572.7086791992188
581.32421875	520.0343627929688
582.5546875	516.09912109375
583.78515625	534.5181884765625
585.015625	534.6502075195312
586.2451171875	500.2145080566406
587.474609375	538.98193359375
588.7041015625	533.0116577148438
589.9326171875	508.7243347167969
591.1611328125	555.6638793945312
592.3896484375	541.5494384765625
593.6171875	543.7191162109375
594.8447265625	519.4100952148438
596.072265625	566.3981323242188
597.2998046875	511.51397705078125
598.5263671875	534.0621337890625
599.7529296875	568.8546752929688
600.978515625	546.5608520507812
602.205078125	524.2560424804688
603.4306640625	524.3846435546875
604.6552734375	528.594970703125
605.880859375	540.9729614257812
607.10546875	537.0216674804688
608.3291015625	557.5772705078125
609.5537109375	555.6707763671875
610.77734375	533.3292236328125
612.0009765625	539.5913696289062
613.2236328125	547.90087890625
614.4462890625	550.0796508789062
615.6689453125	542.0323486328125
616.8916015625	527.8433227539062
618.11328125	527.9720458984375
619.3349609375	513.7725219726562
620.556640625	544.6087646484375
621.77734375	514.02294921875
622.998046875	544.8741455078125
624.21875	547.0556640625
625.4384765625	526.69482421875
626.6591796875	537.0723876953125
627.8779296875	518.7494506835938
629.09765625	508.62103271484375
630.31640625	557.9779663085938
631.53515625	545.8020629882812
632.75390625	539.7774047851562
633.9716796875	521.432373046875
635.189453125	523.6122436523438
636.4072265625	515.5236206054688
637.6240234375	560.8448486328125
638.8408203125	575.36474609375
640.0576171875	526.1751098632812
641.2744140625	542.7493896484375
642.490234375	516.14794921875
643.7060546875	551.2394409179688
644.9208984375	588.4051513671875
646.13671875	516.5222778320312
647.3515625	543.4055786132812
648.56640625	516.7716674804688
649.7802734375	574.55810546875
650.994140625	529.380126953125
652.2080078125	564.5335693359375
653.4208984375	533.7570190429688
654.634765625	579.2349243164062
655.8466796875	556.6942749023438
657.0595703125	536.2050170898438
658.271484375	517.7686157226562
659.4833984375	524.0830688476562
660.6953125	565.4853515625
661.9072265625	578.0071411132812
663.1181640625	545.1090698242188
664.3291015625	524.5869140625
665.5390625	566.02880859375
666.7490234375	582.6949462890625
667.958984375	553.899658203125
669.1689453125	506.48486328125
670.3779296875	547.9618530273438
671.5869140625	558.4344482421875
672.7958984375	535.8117065429688
674.00390625	531.8014526367188
675.212890625	538.137939453125
676.419921875	501.0020446777344
677.6279296875	538.3953247070312
678.8349609375	546.8089599609375
680.0419921875	538.6526489257812
681.2490234375	520.1311645507812
682.455078125	520.2553100585938
683.6611328125	532.8187866210938
684.8671875	514.2824096679688
686.0732421875	568.3345947265625
687.2783203125	529.0505981445312
688.4833984375	527.1014404296875
689.6875	547.9839477539062
690.892578125	573.0286865234375
692.0966796875	539.9381103515625
693.2998046875	533.8350219726562
694.50390625	560.9717407226562
695.70703125	513.3072509765625
696.91015625	521.7438354492188
698.1123046875	553.0551147460938
699.3154296875	551.1068115234375
700.517578125	540.8369140625
701.71875	536.803955078125
702.9208984375	522.3634033203125
704.1220703125	549.54833984375
705.3232421875	522.611083984375
706.5234375	560.2218627929688
707.7236328125	547.85595703125
708.923828125	533.4005126953125
710.1240234375	523.1062622070312
711.3232421875	548.2450561523438
712.5224609375	560.8851318359375
713.7216796875	581.8734130859375
714.9208984375	519.4291381835938
716.119140625	552.9367065429688
717.3173828125	565.589599609375
718.5146484375	567.8106689453125
719.712890625	576.2968139648438
720.91015625	551.3704833984375
722.107421875	520.1652221679688
723.3037109375	589.24169921875
724.5	558.030517578125
725.6962890625	570.7049560546875
726.892578125	595.9312133789062
728.087890625	524.9612426757812
729.283203125	558.5563354492188
730.478515625	521.0234375
731.6728515625	560.912109375
732.8671875	556.8571166992188
734.0615234375	550.7061767578125
735.255859375	538.2689819335938
736.44921875	546.7750854492188
737.642578125	525.9492797851562
738.8359375	551.2236328125
740.0283203125	549.256591796875
741.220703125	549.3854370117188
742.4130859375	566.2933349609375
743.60546875	551.740966796875
744.796875	547.6735229492188
745.98828125	568.7903442382812
747.1796875	537.433349609375
748.3701171875	522.8602905273438
749.560546875	569.18994140625
750.7509765625	552.5165405273438
751.94140625	527.429931640625
753.130859375	531.7568969726562
754.3203125	567.6202392578125
755.509765625	534.1082153320312
756.6982421875	536.3362426757812
757.88671875	525.942626953125
759.0751953125	542.8995361328125
760.263671875	519.8739013671875
761.451171875	559.9948120117188
762.638671875	539.0680541992188
763.826171875	562.3622436523438
765.0126953125	541.4261474609375
766.19921875	528.9090576171875
767.3857421875	573.2938842773438
768.572265625	596.617431640625
769.7578125	544.039306640625
770.943359375	561.039306640625
772.12890625	567.498779296875
773.3134765625	548.639404296875
774.4990234375	525.5498657226562
775.6826171875	561.561279296875
776.8671875	565.9150390625
778.05078125	523.80419921875
779.234375	536.6014404296875
780.41796875	572.6486206054688
781.6015625	562.2135620117188
782.7841796875	583.4847412109375
783.966796875	568.818115234375
785.1494140625	562.6048583984375
786.3310546875	562.7352905273438
787.5126953125	586.14208984375
788.6943359375	546.0638427734375
789.875	573.7115478515625
791.056640625	531.4942016601562
792.2373046875	525.2632446289062
793.4169921875	508.4368896484375
794.59765625	542.4581298828125
795.77734375	568.0171508789062
796.95703125	536.34912109375
798.1357421875	572.5206909179688
799.314453125	540.8389282226562
800.494140625	555.8138427734375
801.671875	570.7955932617188
802.8505859375	532.7240600585938
804.0283203125	543.4614868164062
805.2060546875	569.0675048828125
806.3828125	556.4555053710938
807.560546875	548.0863647460938
808.7373046875	560.9618530273438
809.9140625	529.2109985351562
811.08984375	542.0879516601562
812.265625	533.70751953125
813.44140625	587.000732421875
814.6171875	533.9533081054688
815.7919921875	555.3541259765625
816.966796875	540.5839233398438
818.1416015625	568.38232421875
819.31640625	542.9618530273438
820.490234375	513.2702026367188
821.6640625	555.9929809570312
822.837890625	541.2056274414062
824.0107421875	515.7553100585938
825.1845703125	567.0347900390625
826.357421875	571.4293823242188
827.529296875	609.948974609375
828.7021484375	599.4230346679688
829.8740234375	535.550537109375
831.044921875	542.0758666992188
832.216796875	589.162353515625
833.3876953125	542.324462890625
834.55859375	565.9406127929688
835.7294921875	544.7091064453125
836.8994140625	523.4678955078125
838.0703125	521.45068359375
839.2392578125	513.0197143554688
840.4091796875	592.2457885742188
841.578125	556.0257568359375
842.7470703125	551.8748779296875
843.916015625	564.8383178710938
845.0849609375	573.527587890625
846.2529296875	537.2698974609375
847.4208984375	550.23876953125
848.5888671875	580.3453979492188
849.755859375	535.4962768554688
850.9228515625	561.3283081054688
852.08984375	576.4572143554688
853.2568359375	606.5971069335938
854.4228515625	546.7052001953125
855.5888671875	574.70751953125
856.7548828125	525.5054321289062
857.919921875	517.0436401367188
859.0859375	596.5597534179688
860.2509765625	581.6710205078125
861.4150390625	538.8660888671875
862.580078125	599.1150512695312
863.744140625	547.7030029296875
864.908203125	573.6078491210938
866.0712890625	562.9943237304688
867.2353515625	578.167724609375
868.3984375	556.8011474609375
869.5615234375	546.1763305664062
870.7236328125	597.9194946289062
871.8857421875	527.0632934570312
873.0478515625	550.8525390625
874.2099609375	540.2164916992188
875.3720703125	566.1721801757812
876.533203125	587.8331909179688
877.6943359375	568.5831909179688
878.8544921875	581.6375732421875
880.015625	566.6867065429688
881.17578125	540.9530639648438
882.3359375	534.6087646484375
883.4951171875	577.8534545898438
884.6552734375	541.3213500976562
885.814453125	582.4298706054688
886.97265625	563.1432495117188
888.1318359375	563.2708740234375
889.2900390625	556.9226684570312
890.4482421875	565.685302734375
891.6064453125	589.5689697265625
892.763671875	557.30126953125
893.9208984375	553.1063232421875
895.078125	542.4262084960938
896.2353515625	523.0950317382812
897.3916015625	531.861572265625
898.5478515625	577.39501953125
899.7041015625	566.7105102539062
900.859375	592.80078125
902.015625	532.3428955078125
903.1708984375	567.0950317382812
904.3251953125	575.883056640625
905.48046875	569.5167846679688
906.634765625	582.6411743164062
907.7890625	593.60498046875
908.943359375	561.235107421875
910.0966796875	528.8504638671875
911.25	541.977294921875
912.4033203125	581.1307983398438
913.556640625	594.2752685546875
914.708984375	564.0380249023438
915.861328125	579.3543090820312
917.013671875	559.9517822265625
918.1650390625	594.8115234375
919.3173828125	590.6029052734375
920.46875	560.3305053710938
921.619140625	562.6290283203125
922.7705078125	545.3734130859375
923.9208984375	521.5900268554688
925.0712890625	513.0123291015625
926.2216796875	574.0073852539062
927.37109375	565.4375610351562
928.5205078125	580.7915649414062
929.669921875	587.449462890625
930.8193359375	572.3480224609375
931.9677734375	544.179443359375
933.1162109375	587.845947265625
934.2646484375	518.2918090820312
935.412109375	581.5757446289062
936.560546875	535.9542236328125
937.7080078125	496.8497009277344
938.8544921875	573.249267578125
940.001953125	569.0177612304688
941.1484375	562.6036376953125
942.294921875	560.548828125
943.44140625	547.5849609375
944.5869140625	547.7078857421875
945.7333984375	541.2830200195312
946.8779296875	532.672119140625
948.0234375	508.7723388671875
949.16796875	528.5430297851562
950.3134765625	533.0306396484375
951.45703125	515.6697998046875
952.6015625	515.785400390625
953.7451171875	529.0171508789062
954.888671875	575.0524291992188
956.0322265625	544.5632934570312
957.17578125	533.747802734375
958.318359375	538.2432861328125
959.4609375	538.3638305664062
960.603515625	562.5629272460938
961.7451171875	549.5521850585938
962.8876953125	549.6751708984375
964.029296875	530.0842895507812
965.169921875	519.248291015625
966.3115234375	532.5128784179688
967.4521484375	530.4401245117188
968.5927734375	519.5967407226562
969.7333984375	532.8702392578125
970.873046875	548.3429565429688
972.0126953125	513.3637084960938
973.15234375	542.0050048828125
974.2919921875	535.5415649414062
975.4306640625	507.12188720703125
976.5693359375	518.2142944335938
977.7080078125	551.2747192382812
978.8466796875	588.7434692382812
979.984375	525.1533813476562
981.1220703125	529.6661376953125
982.259765625	525.3878173828125
983.396484375	518.9087524414062
984.5341796875	525.6222534179688
985.6708984375	510.3412780761719
986.8076171875	510.4551086425781
987.943359375	512.7696533203125
989.0791015625	539.298583984375
990.21484375	515.2000122070312
991.3505859375	528.528076171875
992.4853515625	544.064697265625
993.62109375	559.608154296875
994.755859375	583.9732666015625
995.8896484375	522.38671875
997.0244140625	553.3682250976562
998.158203125	553.491455078125
999.2919921875	529.3526611328125
1000.42578125	540.5011596679688
1001.55859375	569.3074951171875
1002.69140625	580.4697265625
1003.82421875	551.9000854492188
1004.95703125	538.7742919921875
1006.0888671875	499.1396789550781
1007.220703125	501.4597473144531
1008.3525390625	523.6669311523438
1009.484375	510.52301025390625
1010.615234375	554.847412109375
1011.74609375	530.6493530273438
1012.876953125	524.1326904296875
1014.0068359375	530.8851928710938
1015.1376953125	579.6784057617188
1016.267578125	537.7601318359375
1017.3974609375	522.3850708007812
1018.5263671875	575.6367797851562
1019.6552734375	544.7619018554688
1020.7841796875	573.6774291992188
1021.9130859375	522.84912109375
1023.0419921875	538.4768676757812
1024.169921875	523.0812377929688
1025.2978515625	532.0650634765625
1026.42578125	541.0527954101562
1027.552734375	541.1727905273438
1028.6796875	556.8217163085938
1029.806640625	568.0397338867188
1030.93359375	579.2626342773438
1032.060546875	552.7523803710938
1033.1865234375	557.315673828125
1034.3125	544.1139526367188
1035.4375	557.562744140625
1036.5634765625	553.2425537109375
1037.6884765625	568.9215698242188
1038.8134765625	613.50439453125
1039.9384765625	531.3768920898438
1041.0625	567.0758056640625
1042.1865234375	587.22021484375
1043.310546875	567.3269653320312
1044.4345703125	571.9031372070312
1045.5576171875	543.0943603515625
1046.6806640625	578.8351440429688
1047.8037109375	552.2418212890625
1048.9267578125	527.864013671875
1050.048828125	539.11962890625
1051.1708984375	543.6953735351562
1052.29296875	586.161865234375
1053.4150390625	566.228271484375
1054.5361328125	526.2182006835938
1055.6572265625	524.1043090820312
1056.7783203125	537.6044921875
1057.8994140625	571.1915283203125
1059.01953125	569.0860595703125
1060.1396484375	555.8185424804688
1061.259765625	513.5201416015625
1062.3798828125	542.6649780273438
1063.4990234375	545.0185546875
1064.6181640625	522.797119140625
1065.7373046875	549.7285766601562
1066.8564453125	527.4983520507812
1067.974609375	520.9078369140625
1069.0927734375	556.8011474609375
1070.2109375	541.267578125
1071.328125	525.72705078125
1072.4462890625	541.5064697265625
1073.5634765625	514.7684326171875
1074.6806640625	541.745361328125
1075.796875	539.625732421875
1076.9140625	553.182373046875
1078.0302734375	557.7845458984375
1079.1455078125	560.1481323242188
1080.26171875	562.5126953125
1081.376953125	551.4287719726562
1082.4921875	535.8557739257812
1083.607421875	562.8847045898438
1084.72265625	520.3905029296875
1085.8369140625	527.23583984375
1086.951171875	522.8638916015625
1088.0654296875	599.2935791015625
1089.1787109375	502.88885498046875
1090.29296875	502.9996032714844
1091.40625	539.0468139648438
1092.5185546875	559.3841552734375
1093.6318359375	579.73046875
1094.744140625	507.93768310546875
1095.8564453125	519.2894897460938
1096.96875	598.101318359375
1098.0810546875	555.501953125
1099.1923828125	517.3828735351562
1100.3037109375	490.496826171875
1101.4150390625	533.3638305664062
1102.525390625	526.7282104492188
1103.63671875	535.8499145507812
1104.7470703125	517.9520263671875
1105.8564453125	547.347900390625
1106.966796875	569.9977416992188
1108.076171875	534.0678100585938
1109.185546875	538.6930541992188
1110.294921875	543.3203125
1111.404296875	529.9100952148438
1112.5126953125	527.7710571289062
1113.62109375	518.8633422851562
1114.7294921875	546.0543823242188
1115.8369140625	514.577392578125
1116.9453125	514.6904296875
1118.052734375	562.2195434570312
1119.1591796875	553.309326171875
1120.2666015625	533.1007080078125
1121.373046875	519.6613159179688
1122.4794921875	562.71337890625
1123.5859375	549.2745361328125
1124.6923828125	551.6559448242188
1125.7978515625	517.8562622070312
1126.9033203125	506.66046142578125
1128.0087890625	497.72210693359375
1129.11328125	547.6144409179688
1130.21875	520.5740966796875
1131.3232421875	527.4798583984375
1132.4267578125	475.5152587890625
1133.53125	516.3869018554688
1134.634765625	541.4190063476562
1135.73828125	514.3474731445312
1136.841796875	512.19384765625
1137.9453125	544.0418701171875
1139.0478515625	476.1409606933594
1140.150390625	483.0487976074219
1141.2529296875	521.7162475585938
1142.35546875	528.6370239257812
1143.45703125	531.0220947265625
1144.55859375	512.9798583984375
1145.66015625	488.11865234375
1146.76171875	513.2045288085938
1147.8623046875	501.9603271484375
1148.962890625	506.61383056640625
1150.0634765625	511.2693176269531
1151.1630859375	554.5645141601562
1152.263671875	511.4931335449219
1153.36328125	541.1644897460938
1154.462890625	495.79693603515625
1155.5615234375	523.2029418945312
1156.6611328125	500.564453125
1157.759765625	541.63818359375
1158.8583984375	514.4412231445312
1159.9560546875	525.9376220703125
1161.0546875	528.3298950195312
1162.15234375	469.2231140136719
1163.25	553.6220703125
1164.34765625	540.0703735351562
1165.4443359375	510.557861328125
1166.541015625	519.7885131835938
1167.6376953125	492.5388488769531
1168.734375	520.0157470703125
1169.830078125	492.7541198730469
1170.92578125	524.8065185546875
1172.021484375	506.66302490234375
1173.1171875	534.1668701171875
1174.2119140625	538.8500366210938
1175.3076171875	552.6702880859375
1176.40234375	543.6539306640625
1177.49609375	541.4879150390625
1178.5908203125	500.4714660644531
1179.6845703125	532.581298828125
1180.7783203125	541.8425903320312
1181.8720703125	514.519775390625
1182.96484375	521.4938354492188
1184.0576171875	528.4708862304688
1185.150390625	528.586181640625
1186.2431640625	526.4127197265625
1187.3359375	540.2630615234375
1188.427734375	494.5859375
1189.51953125	499.2742919921875
1190.611328125	497.0924377441406
1191.7021484375	499.4920654296875
1192.7939453125	529.3936767578125
1193.884765625	515.755615234375
1194.974609375	490.6478576660156
1196.0654296875	509.10076904296875
1197.1552734375	486.2742614746094
1198.2451171875	516.2054443359375
1199.3349609375	504.8442077636719
1200.4248046875	507.24945068359375
1201.513671875	523.43017578125
1202.6025390625	535.0254516601562
1203.69140625	525.9550170898438
1204.7802734375	530.6640625
1205.8681640625	549.16162109375
1206.9560546875	519.4039306640625
1208.0439453125	505.7245788574219
1209.1318359375	526.5278930664062
1210.21875	531.2420043945312
1211.3056640625	538.2584228515625
1212.392578125	522.2703247070312
1213.4794921875	563.8065185546875
1214.5654296875	547.8169555664062
1215.65234375	534.1226196289062
1216.73828125	561.8718872070312
1217.8232421875	598.84619140625
1218.9091796875	506.82623291015625
1219.994140625	488.5024108886719
1221.0791015625	495.52294921875
1222.1640625	555.5674438476562
1223.248046875	521.101806640625
1224.33203125	511.9900817871094
1225.416015625	528.2487182617188
1226.5	542.2071533203125
1227.583984375	519.2473754882812
1228.6669921875	507.8188781738281
1229.75	554.1046142578125
1230.8330078125	563.4620971679688
1231.916015625	579.7529296875
1232.998046875	533.6734008789062
1234.080078125	543.032470703125
1235.162109375	513.1038208007812
1236.2431640625	508.5916748046875
1237.3251953125	527.2003784179688
1238.40625	504.1870422363281
1239.4873046875	559.8153686523438
1240.5673828125	550.6817626953125
1241.6484375	573.9442749023438
1242.728515625	541.6617431640625
1243.80859375	525.5722045898438
1244.888671875	509.4757080078125
1245.9677734375	523.4840698242188
1247.046875	521.2808227539062
1248.1259765625	565.4227905273438
1249.205078125	516.8714599609375
1250.2841796875	533.2117309570312
1251.3623046875	519.41455078125
1252.4404296875	507.93060302734375
1253.5185546875	552.1173095703125
1254.595703125	540.6354370117188
1255.6728515625	543.073486328125
1256.75	566.404541015625
1257.8271484375	552.5963134765625
1258.904296875	531.8150634765625
1259.98046875	529.6074829101562
1261.056640625	511.1355285644531
1262.1328125	525.1893920898438
1263.208984375	516.0057983398438
1264.2841796875	553.3152465820312
1265.359375	520.8800659179688
1266.4345703125	544.2515258789062
1267.509765625	532.7376098632812
1268.583984375	546.814208984375
1269.6591796875	493.40301513671875
1270.732421875	505.14923095703125
1271.806640625	493.61669921875
1272.880859375	540.30126953125
1273.9541015625	517.1243286132812
1275.02734375	505.5867919921875
1276.1005859375	498.7050476074219
1277.1728515625	487.158447265625
1278.2451171875	559.5374755859375
1279.318359375	480.3735656738281
1280.3896484375	538.787841796875
1281.4619140625	524.9068603515625
1282.533203125	529.687255859375
1283.6044921875	497.1268310546875
1284.67578125	522.9130859375
1285.7470703125	502.0117492675781
1286.8173828125	516.1329345703125
1287.8876953125	553.6196899414062
1288.9580078125	474.2999572753906
1290.0283203125	514.1307983398438
1291.09765625	497.879638671875
1292.16796875	544.74658203125
1293.2373046875	535.5104370117188
1294.3056640625	505.21942138671875
1295.375	477.2547607421875
1296.443359375	507.7777099609375
1297.51171875	535.9733276367188
1298.580078125	500.9740905761719
1299.6474609375	533.8633422851562
1300.7158203125	543.3466796875
1301.783203125	501.2986755371094
1302.8505859375	569.3545532226562
1303.9169921875	510.8892822265625
1304.984375	489.9032287597656
1306.05078125	513.454345703125
1307.1171875	518.2552490234375
1308.1826171875	497.25714111328125
1309.2490234375	534.9013671875
1310.314453125	492.7785949707031
1311.3798828125	511.6614685058594
1312.4453125	490.64361572265625
1313.509765625	528.3187866210938
1314.57421875	516.6897583007812
1315.638671875	530.895751953125
1316.703125	498.11578369140625
1317.767578125	517.0240478515625
1318.8310546875	540.6416625976562
1319.89453125	503.1402282714844
1320.9580078125	507.951904296875
1322.021484375	479.83575439453125
1323.083984375	529.3446044921875
1324.146484375	522.3992309570312
1325.208984375	498.9751892089844
1326.271484375	550.874267578125
1327.3330078125	532.1555786132812
1328.39453125	525.2046508789062
1329.4560546875	544.1632080078125
1330.517578125	508.9375
1331.578125	542.0408325195312
1332.6396484375	485.5845947265625
1333.7001953125	521.0548095703125
1334.7607421875	535.3162841796875
1335.8203125	523.6378173828125
1336.8798828125	540.2651977539062
1337.9404296875	500.2657470703125
1338.9990234375	486.2118835449219
1340.05859375	538.253173828125
1341.1171875	538.3689575195312
1342.1767578125	479.4403381347656
1343.2353515625	507.8908386230469
1344.29296875	526.90234375
1345.3515625	496.2927551269531
1346.4091796875	529.4927368164062
1347.466796875	496.5061340332031
1348.5244140625	524.99072265625
1349.5810546875	484.8929138183594
1350.638671875	546.5089111328125
1351.6953125	461.4378356933594
1352.7509765625	506.5072326660156
1353.8076171875	478.2076416015625
1354.86328125	504.3569641113281
1355.919921875	499.728515625
1356.974609375	516.4180297851562
1358.0302734375	466.77154541015625
1359.0859375	497.6805419921875
1360.140625	471.7127990722656
1361.1953125	474.1849670410156
1362.2490234375	479.02960205078125
1363.3037109375	500.4798583984375
1364.357421875	531.4291381835938
1365.4111328125	512.5594482421875
1366.46484375	481.8143005371094
1367.5185546875	455.8038635253906
1368.5712890625	493.8934020996094
1369.6240234375	482.12432861328125
1370.6767578125	539.2398681640625
1371.7294921875	494.211181640625
1372.78125	458.66925048828125
1373.8330078125	530.0785522460938
1374.884765625	480.2637634277344
1375.9365234375	470.8544616699219
1376.98828125	466.1982116699219
1378.0390625	461.5399475097656
1379.08984375	464.0184020996094
1380.140625	452.2173156738281
1381.1904296875	504.6873779296875
1382.2412109375	471.45989990234375
1383.291015625	483.46893310546875
1384.3408203125	454.98687744140625
1385.3896484375	490.8238525390625
1386.439453125	455.1816711425781
1387.48828125	445.74444580078125
1388.537109375	443.45562744140625
1389.5859375	460.2432861328125
1390.6337890625	467.497314453125
1391.6826171875	431.8117980957031
1392.73046875	443.835205078125
1393.7783203125	422.4496154785156
1394.8251953125	484.6079406738281
1395.8720703125	491.8747863769531
1396.919921875	439.4383850097656
1397.966796875	446.6985778808594
1399.0126953125	477.8545837402344
1400.0595703125	463.6180114746094
1401.10546875	435.03350830078125
1402.1513671875	466.2069091796875
1403.197265625	437.6107177734375
1404.2421875	464.0142517089844
1405.2880859375	492.8213806152344
1406.3330078125	445.06964111328125
1407.376953125	476.2783203125
1408.421875	469.1983947753906
1409.466796875	486.0592041015625
1410.5107421875	447.84466552734375
1411.5546875	488.66204833984375
1412.59765625	531.8927612304688
1413.6416015625	522.4205322265625
1414.6845703125	476.99017333984375
1415.7275390625	486.6816711425781
1416.7705078125	455.61199951171875
1417.8125	491.6861572265625
1418.85546875	486.9930114746094
1419.8974609375	479.8983459472656
1420.939453125	470.4006042480469
1421.9814453125	458.4982604980469
1423.0224609375	477.8041687011719
1424.0634765625	441.8829040527344
1425.1044921875	449.18316650390625
1426.1455078125	415.6429748535156
1427.185546875	475.80828857421875
1428.2265625	495.13824462890625
1429.2666015625	415.90850830078125
1430.306640625	504.9674987792969
1431.345703125	420.89581298828125
1432.3857421875	449.8529357910156
1433.4248046875	459.5732116699219
1434.4638671875	447.6377258300781
1435.5029296875	450.1401062011719
1436.541015625	445.42047119140625
1437.5791015625	426.2496643066406
1438.6171875	496.1926574707031
1439.6552734375	496.2981262207031
1440.693359375	484.35498046875
1441.73046875	462.7657775878906
1442.767578125	450.81036376953125
1443.8046875	446.0835876464844
1444.841796875	482.35498046875
1445.8779296875	434.2117004394531
1446.9140625	475.32147216796875
1447.9501953125	477.8357238769531
1448.986328125	480.3509826660156
1450.0224609375	504.5963134765625
1451.0576171875	485.3846130371094
1452.0927734375	442.0111083984375
1453.1279296875	468.67950439453125
1454.1630859375	468.7789306640625
1455.197265625	451.9600524902344
1456.2314453125	468.977783203125
1457.265625	473.9130859375
1458.2998046875	503.0347900390625
1459.333984375	437.8298034667969
1460.3671875	471.7950439453125
1461.400390625	474.31500244140625
1462.43359375	462.31304931640625
1463.466796875	493.8840026855469
1464.4990234375	452.8228759765625
1465.53125	479.5610656738281
1466.5634765625	433.6343688964844
1467.595703125	440.9953308105469
1468.626953125	513.7955932617188
1469.6591796875	506.6321105957031
1470.6904296875	431.5770263671875
1471.7216796875	453.4942626953125
1472.751953125	485.1231994628906
1473.783203125	453.6861267089844
1474.8134765625	417.3824462890625
1475.84375	463.5866394042969
1476.8740234375	453.9739685058594
1477.9033203125	441.92901611328125
1478.9326171875	425.02154541015625
1479.9619140625	420.2529296875
1480.9912109375	447.0686340332031
1482.0205078125	435.01190185546875
1483.048828125	452.1189880371094
1484.0771484375	427.90185546875
1485.10546875	440.15106201171875
1486.1337890625	462.1345520019531
1487.162109375	430.60565185546875
1488.189453125	462.32958984375
1489.216796875	455.12567138671875
1490.244140625	430.8782653808594
1491.2705078125	433.40399169921875
1492.2978515625	428.6246337890625
1493.32421875	423.8432312011719
1494.3505859375	477.5332336425781
1495.376953125	406.96356201171875
1496.40234375	428.9861145019531
1497.4287109375	433.95233154296875
1498.4541015625	424.2899475097656
1499.478515625	407.30657958984375
1500.50390625	456.1818542480469
1501.5283203125	395.2781677246094
1502.5537109375	388.03985595703125
1503.578125	395.4445495605469
1504.6015625	405.29388427734375
1505.6259765625	427.3575439453125
1506.6494140625	410.3495178222656
1507.6728515625	420.2080993652344
1508.6962890625	427.627197265625
1509.7197265625	430.16119384765625
1510.7421875	437.5854187011719
1511.7646484375	454.7932434082031
1512.787109375	447.5518798828125
1513.8095703125	423.1843566894531
1514.83203125	428.16656494140625
1515.853515625	423.36212158203125
1516.875	452.82330322265625
1517.896484375	403.9542236328125
1518.91796875	450.564697265625
1519.9384765625	384.5298767089844
1520.958984375	401.7587890625
1521.9794921875	401.8430480957031
1523.0	392.12420654296875
1524.0205078125	406.9141540527344
1525.0400390625	397.1922302246094
1526.0595703125	426.7032775878906
1527.0791015625	429.2455139160156
1528.0986328125	402.3486328125
1529.1171875	402.4328918457031
1530.13671875	395.154052734375
1531.1552734375	419.78564453125
1532.1728515625	387.95330810546875
1533.19140625	373.29901123046875
1534.208984375	449.5263671875
1535.2265625	390.65380859375
1536.244140625	378.4482116699219
1537.26171875	415.39691162109375
1538.279296875	417.9422302246094
1539.2958984375	410.652587890625
1540.3125	388.6028137207031
1541.3291015625	415.7442626953125
1542.345703125	408.4494934082031
1543.361328125	413.4569091796875
1544.376953125	433.2357482910156
1545.392578125	406.2433166503906
1546.408203125	411.2532653808594
1547.4228515625	445.8226013183594
1548.4384765625	386.7886657714844
1549.453125	391.797607421875
1550.4677734375	374.62677001953125
1551.482421875	438.79913330078125
1552.49609375	401.9054260253906
1553.509765625	421.7187194824219
1554.5234375	389.7394104003906
1555.537109375	379.95172119140625
1556.55078125	412.1113586425781
1557.5634765625	431.943115234375
1558.576171875	444.3768310546875
1559.5888671875	414.8380432128906
1560.6015625	390.2264709472656
1561.6142578125	405.12945556640625
1562.6259765625	360.739013671875
1563.6376953125	383.0559997558594
1564.6494140625	395.4948425292969
1565.66015625	427.7176513671875
1566.671875	400.6049499511719
1567.6826171875	408.10833740234375
1568.693359375	430.4581604003906
1569.7041015625	386.0081481933594
1570.71484375	395.98797607421875
1571.724609375	405.9718933105469
1572.734375	391.2004089355469
1573.744140625	401.18743896484375
1574.75390625	401.2706298828125
1575.7626953125	421.17376708984375
1576.7724609375	396.48101806640625
1577.78125	391.60614013671875
1578.7900390625	381.7711486816406
1579.7978515625	411.60479736328125
1580.806640625	414.1700744628906
1581.814453125	406.8141174316406
1582.822265625	396.9739685058594
1583.830078125	377.20330810546875
1584.8369140625	399.620361328125
1585.8447265625	377.359375
1586.8515625	382.4036865234375
1587.8583984375	382.4827575683594
1588.865234375	387.5301208496094
1589.87109375	372.7021179199219
1590.876953125	362.8383483886719
1591.8828125	402.6846008300781
1592.888671875	435.0885925292969
1593.89453125	368.0365905761719
1594.900390625	397.9595031738281
1595.9052734375	398.0416259765625
1596.91015625	365.7761535644531
1597.9150390625	410.6497497558594
1598.9189453125	390.82000732421875
1599.923828125	388.4107360839844
1600.927734375	373.5487976074219
1601.931640625	396.0433044433594
1602.935546875	363.7373046875
1603.9384765625	356.3365783691406
1604.94140625	393.79559326171875
1605.9453125	376.4263916015625
1606.9482421875	376.5038146972656
1607.9501953125	386.5569152832031
1608.953125	396.6141052246094
1609.955078125	384.2209167480469
1610.95703125	399.2726135253906
1611.958984375	381.88287353515625
1612.9609375	411.9190368652344
1613.9619140625	384.5367126464844
1614.962890625	367.13311767578125
1615.9638671875	377.2005310058594
1616.96484375	377.2779235839844
1617.9658203125	367.359130859375
1618.9658203125	397.4290771484375
1619.9658203125	352.5093688964844
1620.9658203125	382.5885314941406
1621.9658203125	392.6712951660156
1622.9658203125	372.7388916015625
1623.96484375	375.31732177734375
1624.9638671875	380.3993835449219
1625.962890625	403.0054931640625
1626.9619140625	370.54046630859375
1627.9599609375	405.6745300292969
1628.958984375	395.73876953125
1629.95703125	388.3041076660156
1630.9541015625	343.2808532714844
1631.9521484375	358.38824462890625
1632.9501953125	381.0219421386719
1633.947265625	363.549072265625
1634.9443359375	356.10003662109375
1635.94140625	358.6809387207031
1636.9375	343.7015075683594
1637.9345703125	336.2437438964844
1638.9306640625	336.3122863769531
1639.9267578125	376.5456848144531
1640.9228515625	351.51422119140625
1641.91796875	361.6311340332031
1642.9140625	346.63372802734375
1643.9091796875	361.77838134765625
1644.904296875	344.261962890625
1645.8994140625	319.1982727050781
1646.8935546875	364.5130920410156
1647.888671875	364.5871887207031
1648.8828125	362.1463623046875
1649.876953125	357.1891174316406
1650.8701171875	369.8412780761719
1651.8642578125	349.7848815917969
1652.857421875	377.54229736328125
1653.8505859375	390.2062072753906
1654.84375	362.5876770019531
1655.8369140625	362.66119384765625
1656.8291015625	322.43084716796875
1657.822265625	337.61322021484375
1658.814453125	383.04180908203125
1659.806640625	357.9141540527344
1660.7978515625	368.07073974609375
1661.7900390625	320.2359313964844
1662.78125	360.653564453125
1663.7724609375	373.33929443359375
1664.763671875	378.4609375
1665.7548828125	343.207275390625
1666.7451171875	368.5175476074219
1667.7353515625	363.5427551269531
1668.7255859375	330.7897033691406
1669.7158203125	348.53582763671875
1670.7060546875	346.08001708984375
1671.6953125	368.88958740234375
1672.6845703125	303.258056640625
1673.673828125	381.6766357421875
1674.6630859375	384.2817077636719
1675.65234375	341.37158203125
1676.640625	326.26519775390625
1677.62890625	359.2169189453125
1678.6171875	361.81939697265625
1679.60546875	316.3393249511719
1680.59375	341.71514892578125
1681.5810546875	336.6527099609375
