552.93359375	523.1283569335938
554.171875	517.1982421875
555.4091796875	507.2234191894531
556.646484375	517.4566650390625
557.8828125	533.7604370117188
559.119140625	541.98291015625
560.35546875	538.0723876953125
561.591796875	507.8565368652344
562.8271484375	505.959228515625
564.0625	532.4016723632812
565.2978515625	538.6087036132812
566.5322265625	506.3371276855469
567.7666015625	508.4888916015625
569.0009765625	532.9315185546875
570.234375	522.9296264648438
571.4677734375	527.1141967773438
572.701171875	545.4957885742188
573.93359375	561.8580322265625
575.166015625	555.9107666015625
576.3984375	509.3729248046875
577.6298828125	509.49908447265625
578.8623046875	509.6252136230469
580.0927734375	513.8131103515625
581.32421875	526.1284790039062
582.5546875	522.19482421875
583.78515625	573.133544921875
585.015625	528.551513671875
586.2451171875	549.0159301757812
587.474609375	510.5074157714844
588.7041015625	565.56201171875
589.9326171875	529.0733032226562
591.1611328125	553.6284790039062
592.3896484375	531.3699340820312
593.6171875	521.3187255859375
594.8447265625	547.9267578125
596.072265625	578.62255859375
597.2998046875	517.627685546875
598.5263671875	548.3309326171875
599.7529296875	593.321533203125
600.978515625	542.4820556640625
602.205078125	516.0963745117188
603.4306640625	538.66748046875
604.6552734375	557.167724609375
605.880859375	524.6417236328125
607.10546875	526.8121337890625
608.3291015625	512.644287109375
609.5537109375	504.5981140136719
610.77734375	474.0704345703125
612.0009765625	519.1522827148438
613.2236328125	545.8564453125
614.4462890625	539.8551025390625
615.6689453125	492.9425964355469
616.8916015625	540.1187133789062
618.11328125	532.0648803710938
619.3349609375	524.0070190429688
620.556640625	493.4237365722656
621.77734375	532.4540405273438
622.998046875	538.7289428710938
624.21875	532.71337890625
625.4384765625	569.7321166992188
626.6591796875	598.5692138671875
627.8779296875	524.900634765625
629.09765625	563.9951171875
630.31640625	512.8473510742188
631.53515625	588.8917236328125
632.75390625	552.0917358398438
633.9716796875	572.7545166015625
635.189453125	562.62646484375
636.4072265625	556.6011962890625
637.6240234375	564.9535522460938
638.8408203125	519.8831787109375
640.0576171875	515.8982543945312
641.2744140625	555.0846557617188
642.490234375	549.0498046875
643.7060546875	553.2962646484375
644.9208984375	545.2005615234375
646.13671875	545.332275390625
647.3515625	555.7557373046875
648.56640625	557.94873046875
649.7802734375	553.9646606445312
650.994140625	517.0210571289062
652.2080078125	562.4732055664062
653.4208984375	542.0003662109375
654.634765625	570.9896240234375
655.8466796875	562.8797607421875
657.0595703125	614.5734252929688
658.271484375	583.7789306640625
659.4833984375	614.869140625
660.6953125	577.8682861328125
661.9072265625	611.0361328125
663.1181640625	607.0532836914062
664.3291015625	605.1337280273438
665.5390625	568.0946044921875
666.7490234375	541.3690795898438
667.958984375	576.6343383789062
669.1689453125	582.9744262695312
670.3779296875	599.6563720703125
671.5869140625	577.0489501953125
672.7958984375	562.7057495117188
674.00390625	554.5633544921875
675.212890625	567.1146240234375
676.419921875	515.4938354492188
677.6279296875	575.6688842773438
678.8349609375	555.093994140625
680.0419921875	555.2265625
681.2490234375	563.6481323242188
682.455078125	592.8009033203125
683.6611328125	559.770751953125
684.8671875	593.083740234375
686.0732421875	582.8541259765625
687.2783203125	576.7689208984375
688.4833984375	541.6278686523438
689.6875	552.1353759765625
690.892578125	529.4287109375
692.0966796875	581.4718017578125
693.2998046875	606.5363159179688
694.50390625	577.5931396484375
695.70703125	529.9325561523438
696.91015625	571.6317138671875
698.1123046875	569.6883544921875
699.3154296875	582.301513671875
700.517578125	586.6000366210938
701.71875	595.061767578125
702.9208984375	609.7708129882812
704.1220703125	645.302978515625
705.3232421875	614.2241821289062
706.5234375	581.0479736328125
707.7236328125	568.6869506835938
708.923828125	556.3200073242188
710.1240234375	543.9471435546875
711.3232421875	579.5137329101562
712.5224609375	569.2254638671875
713.7216796875	592.30126953125
714.9208984375	534.0315551757812
716.119140625	577.975341796875
717.3173828125	565.589599609375
718.5146484375	553.1978759765625
719.712890625	582.5608520507812
720.91015625	561.8130493164062
722.107421875	591.1918334960938
723.3037109375	566.257080078125
724.5	658.3506469726562
725.6962890625	618.7863159179688
726.892578125	623.1140747070312
728.087890625	593.9800415039062
729.283203125	612.9475708007812
730.478515625	587.9822387695312
731.6728515625	606.9571533203125
732.8671875	628.0343017578125
734.0615234375	554.89404296875
735.255859375	615.762939453125
736.44921875	580.2938842773438
737.642578125	624.433837890625
738.8359375	578.470458984375
740.0283203125	618.437744140625
741.220703125	591.3232421875
742.4130859375	574.682861328125
743.60546875	589.502685546875
744.796875	621.1163330078125
745.98828125	568.7903442382812
747.1796875	571.02294921875
748.3701171875	581.6558227539062
749.560546875	569.18994140625
750.7509765625	602.936279296875
751.94140625	556.848388671875
753.130859375	565.3858032226562
754.3203125	607.5638427734375
755.509765625	586.6779174804688
756.6982421875	586.81494140625
757.88671875	570.121826171875
759.0751953125	624.9656982421875
760.263671875	585.1212768554688
761.451171875	581.0472412109375
762.638671875	579.0770263671875
763.826171875	556.0435791015625
765.0126953125	644.6552124023438
766.19921875	592.125244140625
767.3857421875	575.4015502929688
768.572265625	611.374755859375
769.7578125	575.6695556640625
770.943359375	605.3318481445312
772.12890625	552.7311401367188
773.3134765625	584.511962890625
774.4990234375	582.5372314453125
775.6826171875	546.7833862304688
776.8671875	530.0173950195312
778.05078125	580.8312377929688
779.234375	566.1779174804688
780.41796875	555.7438354492188
781.6015625	555.872802734375
782.7841796875	566.5721435546875
783.966796875	566.7035522460938
785.1494140625	592.2156372070312
786.3310546875	592.3529052734375
787.5126953125	598.8382568359375
788.6943359375	607.443115234375
789.875	590.6476440429688
791.056640625	571.7268676757812
792.2373046875	620.5731201171875
793.4169921875	622.835205078125
794.59765625	559.409912109375
795.77734375	580.7339477539062
796.95703125	604.187744140625
798.1357421875	587.3638305664062
799.314453125	608.7089233398438
800.494140625	568.5424194335938
801.671875	602.6243286132812
802.8505859375	611.2531127929688
804.0283203125	636.8689575195312
805.2060546875	586.0546264648438
806.3828125	618.0479125976562
807.560546875	573.5787963867188
808.7373046875	599.2092895507812
809.9140625	597.2220458984375
811.08984375	590.9821166992188
812.265625	574.107666015625
813.44140625	582.7471313476562
814.6171875	593.517822265625
815.7919921875	638.3380737304688
816.966796875	542.7122192382812
818.1416015625	636.5030517578125
819.31640625	630.2616577148438
820.490234375	636.7957763671875
821.6640625	590.0768432617188
822.837890625	639.21923828125
824.0107421875	647.8909912109375
825.1845703125	633.1177978515625
826.357421875	603.412353515625
827.529296875	575.825927734375
828.7021484375	601.5562133789062
829.8740234375	601.6942138671875
831.044921875	561.2832641601562
832.216796875	587.0277099609375
833.3876953125	597.8379516601562
834.55859375	589.4324951171875
835.7294921875	536.1646728515625
836.8994140625	606.79541015625
838.0703125	587.7005615234375
839.2392578125	589.97265625
840.4091796875	585.83154296875
841.578125	607.3512573242188
842.7470703125	624.6026000976562
843.916015625	599.0709838867188
845.0849609375	597.0679321289062
846.2529296875	629.3121948242188
847.4208984375	593.0588989257812
848.5888671875	606.0433959960938
849.755859375	591.1879272460938
850.9228515625	574.1831665039062
852.08984375	623.6024169921875
853.2568359375	591.5929565429688
854.4228515625	604.5916137695312
855.5888671875	583.2852783203125
856.7548828125	564.114013671875
857.919921875	592.1329956054688
859.0859375	553.6417846679688
860.2509765625	564.4999389648438
861.4150390625	577.5098266601562
862.580078125	622.736083984375
863.744140625	622.8779296875
864.908203125	554.2727661132812
866.0712890625	571.589599609375
867.2353515625	560.97314453125
868.3984375	625.5950927734375
869.5615234375	614.9859619140625
870.7236328125	595.7687377929688
871.8857421875	563.635009765625
873.0478515625	619.7091064453125
874.2099609375	585.4138793945312
875.3720703125	579.0886840820312
876.533203125	594.2928466796875
877.6943359375	646.1172485351562
878.8544921875	592.4086303710938
880.015625	614.0901489257812
881.17578125	594.8328247070312
882.3359375	586.3450927734375
883.4951171875	573.5410766601562
884.6552734375	571.5145263671875
885.814453125	586.7442016601562
886.97265625	608.45361328125
888.1318359375	606.4334106445312
889.2900390625	610.8880615234375
890.4482421875	630.4584350585938
891.6064453125	550.6962890625
892.763671875	617.7835693359375
893.9208984375	671.937744140625
895.078125	607.258056640625
896.2353515625	596.5877685546875
897.3916015625	616.1810913085938
898.5478515625	592.53271484375
899.7041015625	579.6886596679688
900.859375	610.1088256835938
902.015625	625.3947143554688
903.1708984375	575.7529296875
904.3251953125	619.1825561523438
905.48046875	664.7971801757812
906.634765625	671.4452514648438
907.7890625	695.427734375
908.943359375	695.5847778320312
910.0966796875	710.9137573242188
911.25	721.913818359375
912.4033203125	752.4342651367188
913.556640625	746.097412109375
914.708984375	767.95947265625
915.861328125	733.4148559570312
917.013671875	683.6620483398438
918.1650390625	759.7957153320312
919.3173828125	649.2289428710938
920.46875	660.234375
921.619140625	710.3463134765625
922.7705078125	682.2599487304688
923.9208984375	617.21484375
925.0712890625	608.65869140625
926.2216796875	600.0986328125
927.37109375	604.583251953125
928.5205078125	596.018310546875
929.669921875	615.7340698242188
930.8193359375	572.3480224609375
931.9677734375	555.0630493164062
933.1162109375	583.4915161132812
934.2646484375	527.0026245117188
935.412109375	601.1793823242188
936.560546875	546.84765625
937.7080078125	592.7329711914062
938.8544921875	638.638916015625
940.001953125	603.9000244140625
941.1484375	617.1194458007812
942.294921875	556.1865844726562
943.44140625	637.0311279296875
944.5869140625	591.3499755859375
945.7333984375	526.0048828125
946.8779296875	606.89697265625
948.0234375	604.8495483398438
949.16796875	574.4083251953125
950.3134765625	607.305419921875
951.45703125	563.74072265625
952.6015625	542.0117797851562
953.7451171875	577.109619140625
954.888671875	575.0524291992188
956.0322265625	605.79931640625
957.17578125	579.6851196289062
958.318359375	527.3034057617188
959.4609375	584.3217163085938
960.603515625	549.42919921875
961.7451171875	621.8040161132812
962.8876953125	586.9041748046875
964.029296875	567.3215942382812
965.169921875	549.921142578125
966.3115234375	596.0638427734375
967.4521484375	583.0457153320312
968.5927734375	539.3283081054688
969.7333984375	541.6417236328125
970.873046875	572.4700317382812
972.0126953125	603.3120727539062
973.15234375	566.1428833007812
974.2919921875	577.2435913085938
975.4306640625	581.76318359375
976.5693359375	564.3265380859375
977.7080078125	582.0230712890625
978.8466796875	586.546630859375
979.984375	597.6640625
981.1220703125	589.00634765625
982.259765625	551.76708984375
983.396484375	598.0643310546875
984.5341796875	552.0133666992188
985.6708984375	582.9329223632812
986.8076171875	580.8627319335938
987.943359375	572.1893310546875
989.0791015625	581.1217651367188
990.21484375	601.0667114257812
991.3505859375	548.3478393554688
992.4853515625	561.6862182617188
993.62109375	570.6240844726562
994.755859375	575.1585693359375
995.8896484375	597.3283081054688
997.0244140625	593.052001953125
998.158203125	613.0303955078125
999.2919921875	630.8119506835938
1000.42578125	593.4482421875
1001.55859375	639.9192504882812
1002.69140625	609.1621704101562
1003.82421875	664.4877319335938
1004.95703125	618.265625
1006.0888671875	618.4031372070312
1007.220703125	605.2861938476562
1008.3525390625	574.4868774414062
1009.484375	563.5643310546875
1010.615234375	579.1634521484375
1011.74609375	601.402587890625
1012.876953125	594.901611328125
1014.0068359375	566.2775268554688
1015.1376953125	566.4033813476562
1016.267578125	584.2332153320312
1017.3974609375	562.22802734375
1018.5263671875	591.1347045898438
1019.6552734375	577.9790649414062
1020.7841796875	584.7523193359375
1021.9130859375	578.2357177734375
1023.0419921875	585.0119018554688
1024.169921875	600.6568603515625
1025.2978515625	556.4513549804688
1026.42578125	612.0105590820312
1027.552734375	570.0057983398438
1028.6796875	614.50048828125
1029.806640625	599.1043701171875
1030.93359375	563.7268676757812
1032.060546875	583.8308715820312
1033.1865234375	595.0621948242188
1034.3125	610.7401733398438
1035.4375	590.8831787109375
1036.5634765625	582.126708984375
1037.6884765625	544.4757080078125
1038.8134765625	597.9445190429688
1039.9384765625	602.5236206054688
1041.0625	618.2238159179688
1042.1865234375	605.0147705078125
1043.310546875	602.9239501953125
1044.4345703125	596.3814697265625
1045.5576171875	618.7714233398438
1046.6806640625	627.8135375976562
1047.8037109375	601.2310180664062
1048.9267578125	623.6367797851562
1050.048828125	605.95263671875
1051.1708984375	623.9127197265625
1052.29296875	599.534423828125
1053.4150390625	604.12548828125
1054.5361328125	595.340087890625
1055.6572265625	548.6368408203125
1056.7783203125	573.2960815429688
1057.8994140625	573.4227294921875
1059.01953125	598.0982666015625
1060.1396484375	616.0880126953125
1061.259765625	560.40673828125
1062.3798828125	576.162841796875
1063.4990234375	636.5995483398438
1064.6181640625	616.6325073242188
1065.7373046875	589.95263671875
1066.8564453125	605.72900390625
1067.974609375	565.6209106445312
1069.0927734375	601.524169921875
1070.2109375	606.1301879882812
1071.328125	599.5525512695312
1072.4462890625	557.1698608398438
1073.5634765625	572.9596557617188
1074.6806640625	599.9494018554688
1075.796875	617.99462890625
1076.9140625	620.3705444335938
1078.0302734375	647.3884887695312
1079.1455078125	634.087646484375
1080.26171875	573.7181396484375
1081.376953125	576.0861206054688
1082.4921875	576.213134765625
1083.607421875	583.0678100585938
1084.72265625	547.3072509765625
1085.8369140625	572.1069946289062
1086.951171875	605.8937377929688
1088.0654296875	583.5817260742188
1089.1787109375	545.5446166992188
1090.29296875	651.204833984375
1091.40625	635.6260375976562
1092.5185546875	617.7937622070312
1093.6318359375	608.9417114257812
1094.744140625	633.79833984375
1095.8564453125	609.2097778320312
1096.96875	638.5743408203125
1098.0810546875	649.9598388671875
1099.1923828125	584.8675537109375
1100.3037109375	593.9961547851562
1101.4150390625	609.8801879882812
1102.525390625	576.2496948242188
1103.63671875	580.8793334960938
1104.7470703125	574.2511596679688
1105.8564453125	594.6495361328125
1106.966796875	592.5272827148438
1108.076171875	626.4592895507812
1109.185546875	590.5338134765625
1110.294921875	608.6991577148438
1111.404296875	586.2835083007812
1112.5126953125	617.9883422851562
1113.62109375	606.844482421875
1114.7294921875	611.4906005859375
1115.8369140625	580.028076171875
1116.9453125	591.4425048828125
1118.052734375	596.0881958007812
1119.1591796875	618.8031005859375
1120.2666015625	582.7965087890625
1121.373046875	562.5899047851562
1122.4794921875	564.9732666015625
1123.5859375	583.1803588867188
1124.6923828125	592.3518676757812
1125.7978515625	542.7314453125
1126.9033203125	574.5167846679688
1128.0087890625	567.855712890625
1129.11328125	554.4030151367188
1130.21875	574.8948974609375
1131.3232421875	588.6041259765625
1132.4267578125	629.4916381835938
1133.53125	613.7756958007812
1134.634765625	552.7457275390625
1135.73828125	577.7911987304688
1136.841796875	582.4505615234375
1137.9453125	612.047119140625
1139.0478515625	553.23046875
1140.150390625	610.0475463867188
1141.2529296875	578.4244995117188
1142.35546875	596.7018432617188
1143.45703125	585.4859008789062
1144.55859375	610.5822143554688
1145.66015625	644.7706909179688
1146.76171875	597.2247314453125
1147.8623046875	622.3399658203125
1148.962890625	661.0969848632812
1150.0634765625	620.3401489257812
1151.1630859375	675.0232543945312
1152.263671875	688.810791015625
1153.36328125	682.1400756835938
1154.462890625	654.997802734375
1155.5615234375	627.843505859375
1156.6611328125	655.284423828125
1157.759765625	614.4635009765625
1158.8583984375	594.1112670898438
1159.9560546875	626.1162109375
1161.0546875	605.757568359375
1162.15234375	601.33447265625
1163.25	637.9183959960938
1164.34765625	624.3851928710938
1165.4443359375	610.8460083007812
1166.541015625	590.4615478515625
1167.6376953125	590.590576171875
1168.734375	608.9658203125
1169.830078125	618.2239379882812
1170.92578125	572.7236328125
1172.021484375	627.6231079101562
1173.1171875	639.1740112304688
1174.2119140625	616.4810180664062
1175.3076171875	600.6292724609375
1176.40234375	619.0345458984375
1177.49609375	573.4744873046875
1178.5908203125	605.5933227539062
1179.6845703125	610.2970581054688
1180.7783203125	612.7164916992188
1181.8720703125	660.8720703125
1182.96484375	665.5908203125
1184.0576171875	649.7217407226562
1185.150390625	654.4400634765625
1186.2431640625	622.540283203125
1187.3359375	650.1470947265625
1188.427734375	618.232421875
1189.51953125	645.8502197265625
1190.611328125	659.735595703125
1191.7021484375	685.0831909179688
1192.7939453125	676.0655517578125
1193.884765625	667.0439453125
1194.974609375	706.1660766601562
1196.0654296875	697.1470336914062
1197.1552734375	715.64892578125
1198.2451171875	642.3889770507812
1199.3349609375	633.3499755859375
1200.4248046875	638.0784912109375
1201.513671875	649.6962280273438
1202.6025390625	606.2091064453125
1203.69140625	633.902099609375
1204.7802734375	691.4713134765625
1205.8681640625	654.8579711914062
1206.9560546875	604.4391479492188
1208.0439453125	668.9356689453125
1209.1318359375	639.1911010742188
1210.21875	632.4309692382812
1211.3056640625	634.868896484375
1212.392578125	683.3228759765625
1213.4794921875	662.7603149414062
1214.5654296875	662.904541015625
1215.65234375	644.6307373046875
1216.73828125	651.6792602539062
1217.8232421875	647.2145385742188
1218.9091796875	596.6726684570312
1219.994140625	626.7578125
1221.0791015625	666.0750122070312
1222.1640625	654.6935424804688
1223.248046875	652.5301513671875
1224.33203125	638.83447265625
1225.416015625	634.35986328125
1226.5	586.045166015625
1227.583984375	671.5599365234375
1228.6669921875	653.23974609375
1229.75	690.322021484375
1230.8330078125	692.7813110351562
1231.916015625	674.45361328125
1232.998046875	649.1871337890625
1234.080078125	714.0299072265625
1235.162109375	728.0526733398438
1236.2431640625	668.1045532226562
1237.3251953125	735.3057861328125
1238.40625	700.7737426757812
1239.4873046875	744.8783569335938
1240.5673828125	680.2539672851562
1241.6484375	759.0875244140625
1242.728515625	754.6227416992188
1243.80859375	710.7958984375
1244.888671875	729.4765625
1245.9677734375	745.8489990234375
1247.046875	701.9915161132812
1248.1259765625	753.1245727539062
1249.205078125	757.923583984375
1250.2841796875	748.8147583007812
1251.3623046875	779.1217651367188
1252.4404296875	765.3748779296875
1253.5185546875	751.6219482421875
1254.595703125	696.09716796875
1255.6728515625	749.6270751953125
1256.75	703.363037109375
1257.8271484375	712.8027954101562
1258.904296875	682.7669677734375
1259.98046875	720.0803833007812
1261.056640625	713.2664184570312
1262.1328125	673.9155883789062
1263.208984375	690.33203125
1264.2841796875	650.9591064453125
1265.359375	713.884765625
1266.4345703125	637.2860107421875
1267.509765625	646.7294921875
1268.583984375	679.4456787109375
1269.6591796875	686.574951171875
1270.732421875	663.4448852539062
1271.806640625	647.2898559570312
1272.880859375	698.6654052734375
1273.9541015625	705.8048706054688
1275.02734375	643.0504760742188
1276.1005859375	645.5200805664062
1277.1728515625	654.9833984375
1278.2451171875	692.4276123046875
1279.318359375	685.5816650390625
1280.3896484375	608.7603149414062
1281.4619140625	674.2137451171875
1282.533203125	632.35791015625
1283.6044921875	665.169677734375
1284.67578125	644.3036499023438
1285.7470703125	658.4525756835938
1286.8173828125	672.6076049804688
1287.8876953125	633.0419311523438
1288.9580078125	633.1787719726562
1290.0283203125	694.0765380859375
1291.09765625	673.1893920898438
1292.16796875	701.3905029296875
1293.2373046875	671.1419067382812
1294.3056640625	680.642822265625
1295.375	678.4503784179688
1296.443359375	594.3572998046875
1297.51171875	690.4459838867188
1298.580078125	636.7521362304688
1299.6474609375	679.0367431640625
1300.7158203125	679.183349609375
1301.783203125	681.6724853515625
1302.8505859375	686.5057373046875
1303.9169921875	681.9668579101562
1304.984375	682.1140747070312
1306.05078125	689.294921875
1307.1171875	661.3031005859375
1308.1826171875	701.3201904296875
1309.2490234375	670.9727783203125
1310.314453125	720.3953857421875
1311.3798828125	680.6505737304688
1312.4453125	694.8828125
1313.509765625	704.425048828125
1314.57421875	723.3656616210938
1315.638671875	718.8234252929688
1316.703125	693.1328125
1317.767578125	728.5338745117188
1318.8310546875	707.535400390625
1319.89453125	693.5811157226562
1320.9580078125	698.4338989257812
1322.021484375	703.2886352539062
1323.083984375	639.9188232421875
1324.146484375	654.1755981445312
1325.208984375	706.0969848632812
1326.271484375	614.4367065429688
1327.3330078125	626.3424072265625
1328.39453125	664.1600952148438
1329.4560546875	697.28271484375
1330.517578125	617.3223266601562
1331.578125	657.5191040039062
1332.6396484375	693.018798828125
1333.7001953125	716.7450561523438
1334.7607421875	688.6007080078125
1335.8203125	742.9996337890625
1336.8798828125	773.82958984375
1337.9404296875	790.5142822265625
1338.9990234375	781.2433471679688
1340.05859375	736.5569458007812
1341.1171875	706.0189208984375
1342.1767578125	715.6178588867188
1343.2353515625	739.39453125
1344.29296875	706.4744873046875
1345.3515625	713.7162475585938
1346.4091796875	709.14208984375
1347.466796875	673.8297729492188
1348.5244140625	733.0951538085938
1349.5810546875	657.5620727539062
1350.638671875	723.9468994140625
1351.6953125	690.9735717773438
1352.7509765625	717.1574096679688
1353.8076171875	705.474609375
1354.86328125	698.5225219726562
1355.919921875	648.9365234375
1356.974609375	656.1825561523438
1358.0302734375	623.15185546875
1359.0859375	658.834228515625
1360.140625	673.1981811523438
1361.1953125	628.2951049804688
1362.2490234375	647.4013671875
1363.3037109375	642.79638671875
1364.357421875	626.3271484375
1365.4111328125	635.953369140625
1366.46484375	664.5714111328125
1367.5185546875	688.4537353515625
1368.5712890625	629.2391967773438
1369.6240234375	683.9990844726562
1370.6767578125	665.1416625976562
1371.7294921875	734.188720703125
1372.78125	739.09912109375
1373.8330078125	705.9790649414062
1374.884765625	706.13037109375
1375.9365234375	623.0498046875
1376.98828125	730.2186279296875
1378.0390625	656.6238403320312
1379.08984375	682.9398803710938
1380.140625	671.1856689453125
1381.1904296875	697.5160522460938
1382.2412109375	702.4276123046875
1383.291015625	666.8536987304688
1384.3408203125	657.4679565429688
1385.3896484375	657.6087036132812
1386.439453125	626.7684936523438
1387.48828125	681.726806640625
1388.537109375	636.5734252929688
1389.5859375	641.4789428710938
1390.6337890625	646.3865966796875
1391.6826171875	658.4533081054688
1392.73046875	627.5734252929688
1393.7783203125	599.0669555664062
1394.8251953125	620.6801147460938
1395.8720703125	606.4863891601562
1396.919921875	620.945556640625
1397.966796875	623.4669799804688
1399.0126953125	635.546630859375
1400.0595703125	614.1743774414062
1401.10546875	599.9638061523438
1402.1513671875	600.0919799804688
1403.197265625	648.0464477539062
1404.2421875	626.658447265625
1405.2880859375	626.792236328125
1406.3330078125	650.8545532226562
1407.376953125	636.6333618164062
1408.421875	708.5853271484375
1409.466796875	723.1028442382812
1410.5107421875	742.416259765625
1411.5546875	718.6206665039062
1412.59765625	749.9208374023438
1413.6416015625	740.4951171875
1414.6845703125	793.3856201171875
1415.7275390625	817.529296875
1416.7705078125	743.366943359375
1417.8125	731.5330810546875
1418.85546875	712.4971923828125
1419.8974609375	676.6566772460938
1420.939453125	729.6009521484375
1421.9814453125	739.3584594726562
1423.0224609375	701.099609375
1424.0634765625	662.8243408203125
1425.1044921875	684.583984375
1426.1455078125	651.0939331054688
1427.185546875	600.7680053710938
1428.2265625	632.1425170898438
1429.2666015625	639.4893798828125
1430.306640625	596.3425903320312
1431.345703125	615.71044921875
1432.3857421875	589.3795166015625
1433.4248046875	620.7847900390625
1434.4638671875	584.8170166015625
1435.5029296875	637.8990478515625
1436.541015625	587.4735107421875
1437.5791015625	604.4557495117188
1438.6171875	647.9408569335938
1439.6552734375	636.0325317382812
1440.693359375	626.52880859375
1441.73046875	653.1746215820312
1442.767578125	655.72412109375
1443.8046875	638.984619140625
1444.841796875	634.2968139648438
1445.8779296875	632.0192260742188
1446.9140625	639.391845703125
1447.9501953125	646.7675170898438
1448.986328125	603.4559936523438
1450.0224609375	642.2135009765625
1451.0576171875	647.1795043945312
1452.0927734375	637.6553955078125
1453.1279296875	654.7017822265625
1454.1630859375	654.8406372070312
1455.197265625	606.6416015625
1456.2314453125	635.7791748046875
1457.265625	606.8988647460938
1458.2998046875	628.7935180664062
1459.333984375	628.9267578125
1460.3671875	621.8016967773438
1461.400390625	595.313720703125
1462.43359375	668.0545043945312
1463.466796875	614.9340209960938
1464.4990234375	607.7996826171875
1465.53125	627.3046264648438
1466.5634765625	615.3247680664062
1467.595703125	608.1858520507812
1468.626953125	632.5502319335938
1469.6591796875	596.3229370117188
1470.6904296875	608.5720825195312
1471.7216796875	533.5226440429688
1472.751953125	567.5941162109375
1473.783203125	587.1232299804688
1474.8134765625	582.3941040039062
1475.84375	572.80859375
1476.8740234375	621.4830932617188
1477.9033203125	558.481689453125
1478.9326171875	568.3145141601562
1479.9619140625	583.0098266601562
1480.9912109375	605.00048828125
1482.0205078125	588.1166381835938
1483.048828125	576.0870971679688
1484.0771484375	576.208740234375
1485.10546875	607.9434204101562
1486.1337890625	583.7489013671875
1487.162109375	583.8720703125
1488.189453125	622.9282836914062
1489.216796875	606.02294921875
1490.244140625	642.6658935546875
1491.2705078125	635.496826171875
1492.2978515625	650.2430419921875
1493.32421875	730.7642211914062
1494.3505859375	687.0631103515625
1495.376953125	640.9066772460938
1496.40234375	660.5410766601562
1497.4287109375	646.0526733398438
1498.4541015625	599.8582153320312
1499.478515625	595.1066284179688
1500.50390625	604.9898071289062
1501.5283203125	602.6771850585938
1502.5537109375	556.4345092773438
1503.578125	605.3719482421875
1504.6015625	610.38232421875
1505.6259765625	595.8585205078125
1506.6494140625	578.8859252929688
1507.6728515625	586.3368530273438
1508.6962890625	623.1138916015625
1509.7197265625	593.9157104492188
1510.7421875	532.92529296875
1511.7646484375	591.7202758789062
1512.787109375	601.6271362304688
1513.8095703125	670.2457885742188
1514.83203125	621.4531860351562
1515.853515625	633.819580078125
1516.875	653.5341796875
1517.896484375	705.083740234375
1518.91796875	644.013671875
1519.9384765625	644.1488037109375
1520.958984375	656.5326538085938
1521.9794921875	629.7174682617188
1523.0	678.864990234375
1524.0205078125	632.4328002929688
1525.0400390625	622.7581787109375
1526.0595703125	593.4608764648438
1527.0791015625	608.3021850585938
1528.0986328125	571.6294555664062
1529.1171875	611.0109252929688
1530.13671875	574.3232421875
1531.1552734375	589.1728515625
1532.1728515625	584.3853759765625
1533.19140625	550.1248168945312
1534.208984375	555.1527709960938
1535.2265625	597.0369262695312
1536.244140625	602.0767211914062
1537.26171875	575.1649169921875
1538.279296875	617.0794067382812
1539.2958984375	609.8314208984375
1540.3125	592.7422485351562
1541.3291015625	580.5659790039062
1542.345703125	575.7661743164062
1543.361328125	593.11376953125
1544.376953125	615.3917236328125
1545.392578125	581.051025390625
1546.408203125	627.9616088867188
1547.4228515625	598.5353393554688
1548.4384765625	591.2693481445312
1549.453125	638.2112426757812
1550.4677734375	613.6978149414062
1551.482421875	581.7786254882812
1552.49609375	641.0761108398438
1553.509765625	633.8111572265625
1554.5234375	712.8777465820312
1555.537109375	693.2885131835938
1556.55078125	651.4814453125
1557.5634765625	735.5374145507812
1558.576171875	683.8465576171875
1559.5888671875	679.0503540039062
1560.6015625	698.949951171875
1561.6142578125	691.6844482421875
1562.6259765625	681.9450073242188
1563.6376953125	649.9595336914062
1564.6494140625	674.8130493164062
1565.66015625	657.6467895507812
1566.671875	640.473388671875
1567.6826171875	648.0265502929688
1568.693359375	697.6390991210938
1569.7041015625	720.0536499023438
1570.71484375	621.2061157226562
1571.724609375	648.5648803710938
1572.734375	663.5551147460938
1573.744140625	599.3046875
1574.75390625	616.767822265625
1575.7626953125	646.6256103515625
1576.7724609375	607.111572265625
1577.78125	604.7588500976562
1578.7900390625	622.2373657226562
1579.7978515625	639.7230834960938
1580.806640625	595.2144775390625
1581.814453125	605.260009765625
1582.822265625	573.1311645507812
1583.830078125	538.50732421875
1584.8369140625	568.4041137695312
1585.8447265625	541.2127685546875
1586.8515625	551.2572631835938
1587.8583984375	538.9529418945312
1588.865234375	561.421875
1589.87109375	559.0531616210938
1590.876953125	569.1094360351562
1591.8828125	529.4556884765625
1592.888671875	529.5650024414062
1593.89453125	559.5150756835938
1594.900390625	542.2198486328125
1595.9052734375	505.0152893066406
1596.91015625	502.6311950683594
1597.9150390625	559.9769287109375
1598.9189453125	550.1351318359375
1599.923828125	597.5549926757812
1600.927734375	557.8328857421875
1601.931640625	547.9844360351562
1602.935546875	515.709716796875
1603.9384765625	530.76708984375
1604.94140625	540.8458251953125
1605.9453125	540.9571533203125
1606.9482421875	541.0684204101562
1607.9501953125	526.2161865234375
1608.953125	588.6851196289062
1609.955078125	508.9679870605469
1610.95703125	529.0361938476562
1611.958984375	529.1448974609375
1612.9609375	546.7289428710938
1613.9619140625	579.3020629882812
1614.962890625	561.9384765625
1615.9638671875	499.60333251953125
1616.96484375	539.6823120117188
1617.9658203125	537.2939453125
1618.9658203125	499.9107971191406
1619.9658203125	490.01300048828125
1620.9658203125	467.60821533203125
1621.9658203125	490.2138366699219
1622.9658203125	457.79339599609375
1623.96484375	480.4061584472656
1624.9638671875	495.520263671875
1625.962890625	463.0808410644531
1626.9619140625	523.2632446289062
1627.9599609375	490.81610107421875
1628.958984375	493.421142578125
1629.95703125	450.9338073730469
1630.9541015625	481.0943298339844
1631.9521484375	506.2547302246094
1632.9501953125	483.797607421875
1633.947265625	513.983154296875
1634.9443359375	486.50286865234375
1635.94140625	484.0938720703125
1636.9375	484.192626953125
1637.9345703125	469.23565673828125
1638.9306640625	454.2725524902344
1639.9267578125	529.6742553710938
1640.9228515625	439.3927917480469
1641.91796875	487.197509765625
1642.9140625	457.1546325683594
1643.9091796875	479.85882568359375
1644.904296875	522.6751098632812
1645.8994140625	490.1075744628906
1646.8935546875	457.5267639160156
1647.888671875	470.1917419433594
1648.8828125	465.2574768066406
1649.876953125	503.083251953125
1650.8701171875	503.1854248046875
1651.8642578125	465.541015625
1652.857421875	493.3219299316406
1653.8505859375	455.66015625
1654.84375	440.6447448730469
1655.8369140625	458.36346435546875
1656.8291015625	448.3804016113281
1657.822265625	438.3932800292969
1658.814453125	428.40203857421875
1659.806640625	466.2966003417969
1660.7978515625	501.6854553222656
1661.7900390625	426.1407165527344
1662.78125	456.4915771484375
1663.7724609375	438.9259338378906
1664.763671875	433.9685363769531
1665.7548828125	466.8628234863281
1666.7451171875	472.0053405761719
1667.7353515625	449.3792419433594
1668.7255859375	454.52020263671875
1669.7158203125	487.4450378417969
1670.7060546875	469.8604431152344
1671.6953125	472.48187255859375
1672.6845703125	452.35992431640625
1673.673828125	497.948974609375
1674.6630859375	470.2394714355469
1675.65234375	429.8753356933594
1676.640625	435.020263671875
1677.62890625	419.92962646484375
1678.6171875	473.1484680175781
1679.60546875	473.2436218261719
1680.59375	404.9957580566406
1681.5810546875	455.6202087402344
