552.93359375	700.870849609375
554.171875	701.0460205078125
555.4091796875	771.9495849609375
556.646484375	766.0784301757812
557.8828125	750.0951538085938
559.119140625	754.3269653320312
560.35546875	764.6292114257812
561.591796875	785.0531616210938
562.8271484375	779.17724609375
564.0625	753.0548095703125
565.2978515625	720.8447265625
566.5322265625	765.5817260742188
567.7666015625	749.5653076171875
569.0009765625	697.0663452148438
570.234375	743.8572387695312
571.4677734375	786.6165771484375
572.701171875	768.5609741210938
573.93359375	768.7516479492188
575.166015625	827.779541015625
576.3984375	809.7202758789062
577.6298828125	848.488525390625
578.8623046875	860.880859375
580.0927734375	869.2174072265625
581.32421875	845.0557861328125
582.5546875	802.5950927734375
583.78515625	825.1497192382812
585.015625	825.353515625
586.2451171875	831.657470703125
587.474609375	846.0999145507812
588.7041015625	846.3086547851562
589.9326171875	917.7386474609375
591.1611328125	952.5665893554688
592.3896484375	885.6165161132812
593.6171875	871.5797119140625
594.8447265625	822.9085693359375
596.072265625	810.8865356445312
597.2998046875	882.4125366210938
598.5263671875	831.6692504882812
599.7529296875	856.3403930664062
600.978515625	795.3684692382812
602.205078125	773.1246337890625
603.4306640625	812.08203125
604.6552734375	763.29931640625
605.880859375	761.4450073242188
607.10546875	794.302001953125
608.3291015625	806.7509765625
609.5537109375	808.9912719726562
610.77734375	798.97216796875
612.0009765625	854.35302734375
613.2236328125	834.1177368164062
614.4462890625	781.1539916992188
615.6689453125	836.5706176757812
616.8916015625	881.7847290039062
618.11328125	851.3038330078125
619.3349609375	853.5582885742188
620.556640625	960.2312622070312
621.77734375	925.65087890625
622.998046875	889.005126953125
624.21875	897.4171752929688
625.4384765625	928.37646484375
626.6591796875	865.0555419921875
627.8779296875	875.517822265625
629.09765625	892.1376953125
630.31640625	853.3779907226562
631.53515625	945.920166015625
632.75390625	950.2545166015625
633.9716796875	1024.3887939453125
635.189453125	1010.2636108398438
636.4072265625	1004.3468627929688
637.6240234375	924.469482421875
638.8408203125	879.4861450195312
640.0576171875	879.6990356445312
641.2744140625	929.2528076171875
642.490234375	954.1539306640625
643.7060546875	952.3277587890625
644.9208984375	987.5330810546875
646.13671875	950.730224609375
647.3515625	907.734375
648.56640625	868.8352661132812
649.7802734375	866.9855346679688
650.994140625	877.493896484375
652.2080078125	875.6450805664062
653.4208984375	882.0386352539062
654.634765625	894.6190795898438
655.8466796875	886.587158203125
657.0595703125	919.7977905273438
658.271484375	938.5845336914062
659.4833984375	945.0001831054688
660.6953125	914.2701416015625
661.9072265625	926.875732421875
663.1181640625	984.9129638671875
664.3291015625	962.4310913085938
665.5390625	925.4777221679688
666.7490234375	1006.2852172851562
667.958984375	975.5247192382812
669.1689453125	965.4221801757812
670.3779296875	874.671142578125
671.5869140625	879.0172119140625
672.7958984375	885.4340209960938
674.00390625	879.4381713867188
675.212890625	898.2764282226562
676.419921875	894.3507690429688
677.6279296875	977.3945922851562
678.8349609375	936.2032470703125
680.0419921875	1004.7943725585938
681.2490234375	1019.5399780273438
682.455078125	990.7650756835938
683.6611328125	924.6583251953125
684.8671875	908.2891235351562
686.0732421875	952.0641479492188
687.2783203125	900.4234008789062
688.4833984375	875.7354736328125
689.6875	907.0794677734375
690.892578125	938.4382934570312
692.0966796875	919.9714965820312
693.2998046875	897.3413696289062
694.50390625	928.7198486328125
695.70703125	926.8624877929688
696.91015625	966.5772705078125
698.1123046875	1027.102294921875
699.3154296875	1085.576416015625
700.517578125	1046.3114013671875
701.71875	1065.285400390625
702.9208984375	1084.2681884765625
704.1220703125	1149.0555419921875
705.3232421875	1378.3607177734375
706.5234375	1572.369873046875
707.7236328125	1610.2381591796875
708.923828125	1471.0185546875
710.1240234375	1304.6395263671875
711.3232421875	1219.4803466796875
712.5224609375	1121.770263671875
713.7216796875	1034.441650390625
714.9208984375	1001.3091430664062
716.119140625	1005.7188720703125
717.3173828125	1018.4786376953125
718.5146484375	951.9178466796875
719.712890625	912.4699096679688
720.91015625	1002.4917602539062
722.107421875	1069.57666015625
723.3037109375	1230.7210693359375
724.5	1586.3115234375
725.6962890625	2144.84716796875
726.892578125	2505.002197265625
728.087890625	2342.45654296875
729.283203125	1976.912841796875
730.478515625	1579.8099365234375
731.6728515625	1377.164794921875
732.8671875	1201.6390380859375
734.0615234375	1134.9154052734375
735.255859375	1078.63232421875
736.44921875	1057.9364013671875
737.642578125	1125.2381591796875
738.8359375	1196.76318359375
740.0283203125	1173.9835205078125
741.220703125	1172.1619873046875
742.4130859375	1132.586669921875
743.60546875	1040.545654296875
744.796875	1063.8714599609375
745.98828125	1078.812744140625
747.1796875	1045.475830078125
748.3701171875	1026.822021484375
749.560546875	1134.17919921875
750.7509765625	1058.81494140625
751.94140625	1019.1375732421875
753.130859375	989.9505615234375
754.3203125	918.703857421875
755.509765625	893.68505859375
756.6982421875	900.20361328125
757.88671875	950.904296875
759.0751953125	904.83251953125
760.263671875	961.8720092773438
761.451171875	951.5701293945312
762.638671875	888.6199951171875
763.826171875	939.3765869140625
765.0126953125	880.6074829101562
766.19921875	897.6702880859375
767.3857421875	910.5255737304688
768.572265625	980.3078002929688
769.7578125	934.1450805664062
770.943359375	1022.9475708007812
772.12890625	976.7730102539062
773.3134765625	989.6610717773438
774.4990234375	897.0228881835938
775.6826171875	897.2313842773438
776.8671875	941.783935546875
778.05078125	931.442138671875
779.234375	1007.712158203125
780.41796875	1064.9996337890625
781.6015625	1225.8792724609375
782.7841796875	1289.5859375
783.966796875	1196.8441162109375
785.1494140625	1082.9085693359375
786.3310546875	985.844482421875
787.5126953125	935.2880859375
788.6943359375	931.2716674804688
789.875	908.2001342773438
791.056640625	897.8228759765625
792.2373046875	974.278564453125
793.4169921875	1048.651123046875
794.59765625	1161.199462890625
795.77734375	1066.0919189453125
796.95703125	1047.2587890625
798.1357421875	1034.7781982421875
799.314453125	981.9938354492188
800.494140625	988.5848999023438
801.671875	1014.2761840820312
802.8505859375	986.9190673828125
804.0283203125	1021.1132202148438
805.2060546875	1057.4464111328125
806.3828125	970.6113891601562
807.560546875	928.3478393554688
808.7373046875	924.3121948242188
809.9140625	886.2689819335938
811.08984375	939.6190795898438
812.265625	958.972412109375
813.44140625	984.7150268554688
814.6171875	1001.9601440429688
815.7919921875	1104.3248291015625
816.966796875	1138.6314697265625
818.1416015625	1143.1510009765625
819.31640625	1151.930908203125
820.490234375	1101.0816650390625
821.6640625	1111.9859619140625
822.837890625	1210.255126953125
824.0107421875	1344.800048828125
825.1845703125	1351.5040283203125
826.357421875	1362.475341796875
827.529296875	1448.0955810546875
828.7021484375	1367.3671875
829.8740234375	1371.9482421875
831.044921875	1323.17724609375
832.216796875	1334.1539306640625
833.3876953125	1398.5137939453125
834.55859375	1321.9517822265625
835.7294921875	1213.3128662109375
836.8994140625	1160.17578125
838.0703125	1149.7559814453125
839.2392578125	1132.9185791015625
840.4091796875	1158.834716796875
841.578125	1180.4854736328125
842.7470703125	1229.9537353515625
843.916015625	1243.072265625
845.0849609375	1211.256103515625
846.2529296875	1113.0692138671875
847.4208984375	1089.7724609375
848.5888671875	1019.3521118164062
849.755859375	1019.5849609375
850.9228515625	938.40380859375
852.08984375	977.19140625
853.2568359375	985.98828125
854.4228515625	999.076904296875
855.5888671875	992.87158203125
856.7548828125	1027.416748046875
857.919921875	976.1612548828125
859.0859375	922.736328125
860.2509765625	993.7774658203125
861.4150390625	1021.913330078125
862.580078125	1045.7672119140625
863.744140625	1078.22314453125
864.908203125	1054.8369140625
866.0712890625	1145.328125
867.2353515625	1197.1724853515625
868.3984375	1186.6959228515625
869.5615234375	1225.6712646484375
870.7236328125	1273.2674560546875
871.8857421875	1245.59033203125
873.0478515625	1260.9359130859375
874.2099609375	1284.8973388671875
875.3720703125	1298.1058349609375
876.533203125	1291.9410400390625
877.6943359375	1343.923828125
878.8544921875	1277.448486328125
880.015625	1228.1802978515625
881.17578125	1204.751953125
882.3359375	1239.5162353515625
883.4951171875	1190.20556640625
884.6552734375	1184.005615234375
885.814453125	1182.116943359375
886.97265625	1111.1829833984375
888.1318359375	1107.11865234375
889.2900390625	1098.735107421875
890.4482421875	1062.279296875
891.6064453125	1084.1158447265625
892.763671875	1110.2823486328125
893.9208984375	1153.7452392578125
895.078125	1125.91259765625
896.2353515625	1152.1060791015625
897.3916015625	1128.5843505859375
898.5478515625	1135.3272705078125
899.7041015625	1129.094970703125
900.859375	1129.350341796875
902.015625	1179.3775634765625
903.1708984375	1218.60498046875
904.3251953125	1363.93359375
905.48046875	1492.004150390625
906.634765625	1630.962158203125
907.7890625	1776.4820556640625
908.943359375	1807.2203369140625
910.0966796875	1944.17578125
911.25	1834.05126953125
912.4033203125	2003.6002197265625
913.556640625	2181.901123046875
914.708984375	2440.54931640625
915.861328125	2727.52197265625
917.013671875	2947.343017578125
918.1650390625	3021.816162109375
919.3173828125	3131.06396484375
920.46875	3075.30224609375
921.619140625	3115.0966796875
922.7705078125	2970.220703125
923.9208984375	2857.878662109375
925.0712890625	2652.012939453125
926.2216796875	2337.3408203125
927.37109375	1944.2353515625
928.5205078125	1705.3955078125
929.669921875	1422.9332275390625
930.8193359375	1294.8558349609375
931.9677734375	1249.43603515625
933.1162109375	1173.5146484375
934.2646484375	1117.158447265625
935.412109375	1093.449462890625
936.560546875	1023.9776611328125
937.7080078125	1041.64111328125
938.8544921875	1007.0006103515625
940.001953125	1015.9473876953125
941.1484375	1020.5368041992188
942.294921875	1042.5771484375
943.44140625	1023.1766967773438
944.5869140625	1086.6873779296875
945.7333984375	1126.2178955078125
946.8779296875	1148.3013916015625
948.0234375	1172.578369140625
949.16796875	1247.0994873046875
950.3134765625	1288.8856201171875
951.45703125	1271.6942138671875
952.6015625	1108.064453125
953.7451171875	1036.174072265625
954.888671875	959.87841796875
956.0322265625	966.6544799804688
957.17578125	964.6835327148438
958.318359375	1017.4111328125
959.4609375	1100.80078125
960.603515625	1201.739501953125
961.7451171875	1320.2388916015625
962.8876953125	1283.3052978515625
964.029296875	1285.782958984375
965.169921875	1211.579345703125
966.3115234375	1148.2994384765625
967.4521484375	1063.0721435546875
968.5927734375	1078.6566162109375
969.7333984375	1070.126220703125
970.873046875	1070.365478515625
972.0126953125	991.6256103515625
973.15234375	1044.51171875
974.2919921875	1046.93994140625
975.4306640625	972.532470703125
976.5693359375	979.337158203125
977.7080078125	1001.5189819335938
978.8466796875	1017.1202392578125
979.984375	1001.9662475585938
981.1220703125	999.9921264648438
982.259765625	1030.9910888671875
983.396484375	1013.6310424804688
984.5341796875	980.8683471679688
985.6708984375	950.2906494140625
986.8076171875	1064.9149169921875
987.943359375	1069.5538330078125
989.0791015625	1085.200927734375
990.21484375	1087.64453125
991.3505859375	1193.592529296875
992.4853515625	1315.0064697265625
993.62109375	1354.956787109375
994.755859375	1379.4990234375
995.8896484375	1313.681396484375
997.0244140625	1362.4764404296875
998.158203125	1349.5489501953125
999.2919921875	1312.353515625
1000.42578125	1237.6373291015625
1001.55859375	1191.5738525390625
1002.69140625	1149.9039306640625
1003.82421875	1119.25341796875
1004.95703125	1048.8433837890625
1006.0888671875	1015.947998046875
1007.220703125	976.41064453125
1008.3525390625	954.5321044921875
1009.484375	1021.0460205078125
1010.615234375	977.06201171875
1011.74609375	937.48046875
1012.876953125	988.5540161132812
1014.0068359375	1044.07421875
1015.1376953125	1026.6060791015625
1016.267578125	1133.058349609375
1017.3974609375	1168.7259521484375
1018.5263671875	1233.191162109375
1019.6552734375	1388.478515625
1020.7841796875	1426.441162109375
1021.9130859375	1510.9454345703125
1023.0419921875	1520.14453125
1024.169921875	1427.39111328125
1025.2978515625	1290.2576904296875
1026.42578125	1161.93310546875
1027.552734375	1133.3577880859375
1028.6796875	1131.3907470703125
1029.806640625	1169.363037109375
1030.93359375	1242.8624267578125
1032.060546875	1305.2947998046875
1033.1865234375	1238.9727783203125
1034.3125	1230.36376953125
1035.4375	1241.7432861328125
1036.5634765625	1248.6839599609375
1037.6884765625	1297.852294921875
1038.8134765625	1269.2427978515625
1039.9384765625	1311.767333984375
1041.0625	1309.833984375
1042.1865234375	1412.442626953125
1043.310546875	1537.3447265625
1044.4345703125	1517.6573486328125
1045.5576171875	1573.6380615234375
1046.6806640625	1507.1976318359375
1047.8037109375	1380.6046142578125
1048.9267578125	1220.5462646484375
1050.048828125	1198.53857421875
1051.1708984375	1187.662353515625
1052.29296875	1118.833740234375
1053.4150390625	1150.29052734375
1054.5361328125	1163.92333984375
1055.6572265625	1150.7991943359375
1056.7783203125	1224.66748046875
1057.8994140625	1231.6317138671875
1059.01953125	1189.50146484375
1060.1396484375	1194.2286376953125
1061.259765625	1123.046142578125
1062.3798828125	1201.455810546875
1063.4990234375	1125.7760009765625
1064.6181640625	1108.1512451171875
1065.7373046875	1170.966552734375
1066.8564453125	1160.04931640625
1067.974609375	1097.70703125
1069.0927734375	1030.8648681640625
1070.2109375	1031.09228515625
1071.328125	1114.0938720703125
1072.4462890625	1056.161376953125
1073.5634765625	1081.013671875
1074.6806640625	1141.69482421875
1075.796875	1318.8363037109375
1076.9140625	1294.4915771484375
1078.0302734375	1364.2200927734375
1079.1455078125	1451.9039306640625
1080.26171875	1331.205322265625
1081.376953125	1275.459228515625
1082.4921875	1242.1092529296875
1083.607421875	1206.5018310546875
1084.72265625	1197.79541015625
1085.8369140625	1294.5322265625
1086.951171875	1249.9364013671875
1088.0654296875	1247.9671630859375
1089.1787109375	1311.10302734375
1090.29296875	1338.3382568359375
1091.40625	1408.259765625
1092.5185546875	1433.281494140625
1093.6318359375	1487.5255126953125
1094.744140625	1418.179931640625
1095.8564453125	1413.99609375
1096.96875	1360.34326171875
1098.0810546875	1353.8955078125
1099.1923828125	1313.7025146484375
1100.3037109375	1253.241943359375
1101.4150390625	1242.26513671875
1102.525390625	1179.5111083984375
1103.63671875	1242.8116455078125
1104.7470703125	1200.2974853515625
1105.8564453125	1148.7547607421875
1106.966796875	1214.343017578125
1108.076171875	1243.90478515625
1109.185546875	1241.9241943359375
1110.294921875	1276.0137939453125
1111.404296875	1280.803955078125
1112.5126953125	1247.25390625
1113.62109375	1229.48046875
1114.7294921875	1270.3660888671875
1115.8369140625	1243.5621337890625
1116.9453125	1216.7462158203125
1118.052734375	1153.7918701171875
1119.1591796875	1172.1124267578125
1120.2666015625	1235.6190185546875
1121.373046875	1163.5894775390625
1122.4794921875	1166.104736328125
1123.5859375	1191.2249755859375
1124.6923828125	1139.4859619140625
1125.7978515625	1175.9180908203125
1126.9033203125	1110.5816650390625
1128.0087890625	1162.85986328125
1129.11328125	1147.2747802734375
1130.21875	1186.003662109375
1131.3232421875	1217.957763671875
1132.4267578125	1206.903076171875
1133.53125	1220.7568359375
1134.634765625	1268.5968017578125
1135.73828125	1325.52099609375
1136.841796875	1350.7413330078125
1137.9453125	1439.444091796875
1139.0478515625	1417.086181640625
1140.150390625	1569.341552734375
1141.2529296875	1581.027099609375
1142.35546875	1608.599365234375
1143.45703125	1649.799560546875
1144.55859375	1711.446044921875
1145.66015625	1807.1741943359375
1146.76171875	1791.6741943359375
1147.8623046875	1746.64013671875
1148.962890625	1787.9151611328125
1150.0634765625	1786.0341796875
1151.1630859375	1793.2435302734375
1152.263671875	1734.5301513671875
1153.36328125	1653.0528564453125
1154.462890625	1669.3345947265625
1155.5615234375	1601.4559326171875
1156.6611328125	1665.5145263671875
1157.759765625	1620.363037109375
1158.8583984375	1654.8616943359375
1159.9560546875	1609.6878662109375
1161.0546875	1632.812744140625
1162.15234375	1642.2808837890625
1163.25	1615.300537109375
1164.34765625	1592.8658447265625
1165.4443359375	1611.4482421875
1166.541015625	1643.71728515625
1167.6376953125	1623.5540771484375
1168.734375	1605.66259765625
1169.830078125	1649.3575439453125
1170.92578125	1656.563232421875
1172.021484375	1524.5535888671875
1173.1171875	1561.410888671875
1174.2119140625	1586.8677978515625
1175.3076171875	1509.56640625
1176.40234375	1603.55078125
1177.49609375	1565.0599365234375
1178.5908203125	1691.0908203125
1179.6845703125	1654.8878173828125
1180.7783203125	1780.9931640625
1181.8720703125	1875.1387939453125
1182.96484375	1971.6126708984375
1184.0576171875	2129.897705078125
1185.150390625	2226.468994140625
1186.2431640625	2149.13720703125
1187.3359375	2124.42431640625
1188.427734375	1973.7642822265625
1189.51953125	1818.457763671875
1190.611328125	1736.387451171875
1191.7021484375	1700.1060791015625
1192.7939453125	1705.060302734375
1193.884765625	1599.9886474609375
1194.974609375	1595.7518310546875
1196.0654296875	1511.2496337890625
1197.1552734375	1566.62890625
1198.2451171875	1566.9703369140625
1199.3349609375	1640.74365234375
1200.4248046875	1661.75830078125
1201.513671875	1788.386474609375
1202.6025390625	1947.217041015625
1203.69140625	2011.9500732421875
1204.7802734375	2147.92578125
1205.8681640625	2155.286865234375
1206.9560546875	2001.773681640625
1208.0439453125	1875.7784423828125
1209.1318359375	1850.89501953125
1210.21875	1734.0107421875
1211.3056640625	1686.0830078125
1212.392578125	1642.7357177734375
1213.4794921875	1555.645751953125
1214.5654296875	1560.5877685546875
1215.65234375	1537.90478515625
1216.73828125	1558.9642333984375
1217.8232421875	1497.115478515625
1218.9091796875	1603.4139404296875
1219.994140625	1636.022216796875
1221.0791015625	1717.0445556640625
1222.1640625	1860.343994140625
1223.248046875	1927.6156005859375
1224.33203125	2029.51025390625
1225.416015625	2073.780029296875
1226.5	2180.364990234375
1227.583984375	2300.8427734375
1228.6669921875	2375.207275390625
1229.75	2394.193603515625
1230.8330078125	2549.43505859375
1231.916015625	2688.575439453125
1232.998046875	2936.35888671875
1234.080078125	3128.791259765625
1235.162109375	3413.758056640625
1236.2431640625	3534.712158203125
1237.3251953125	3565.53955078125
1238.40625	3681.953125
1239.4873046875	3462.990234375
1240.5673828125	3394.328369140625
1241.6484375	3369.608154296875
1242.728515625	3497.6533203125
1243.80859375	3544.71826171875
1244.888671875	3601.06689453125
1245.9677734375	3567.103759765625
1247.046875	3417.28564453125
1248.1259765625	3251.180908203125
1249.205078125	3293.60693359375
1250.2841796875	3368.50732421875
1251.3623046875	3631.26416015625
1252.4404296875	3611.177734375
1253.5185546875	3428.695068359375
1254.595703125	3225.25
1255.6728515625	3119.19140625
1256.75	2980.587890625
1257.8271484375	2670.1083984375
1258.904296875	2556.892578125
1259.98046875	2290.320068359375
1261.056640625	2269.906494140625
1262.1328125	2251.8076171875
1263.208984375	2203.484130859375
1264.2841796875	2071.44482421875
1265.359375	2013.7596435546875
1266.4345703125	1942.0941162109375
1267.509765625	2033.2430419921875
1268.583984375	1968.531005859375
1269.6591796875	2092.30810546875
1270.732421875	1948.432861328125
1271.806640625	1955.83984375
1272.880859375	2047.0897216796875
1273.9541015625	2007.9332275390625
1275.02734375	2040.986328125
1276.1005859375	2011.1329345703125
1277.1728515625	1992.9208984375
1278.2451171875	2039.980224609375
1279.318359375	2012.438720703125
1280.3896484375	2101.505859375
1281.4619140625	2094.961669921875
1282.533203125	2058.080078125
1283.6044921875	2133.2109375
1284.67578125	2126.6689453125
1285.7470703125	2222.861328125
1286.8173828125	2342.449462890625
1287.8876953125	2326.604248046875
1288.9580078125	2563.0888671875
1290.0283203125	2694.5126953125
1291.09765625	2769.893798828125
1292.16796875	2826.603759765625
1293.2373046875	2873.98388671875
1294.3056640625	2799.757568359375
1295.375	2674.0302734375
1296.443359375	2517.82861328125
1297.51171875	2396.666748046875
1298.580078125	2329.29541015625
1299.6474609375	2236.13818359375
1300.7158203125	2189.78076171875
1301.783203125	2197.28125
1302.8505859375	2022.02880859375
1303.9169921875	1994.343017578125
1304.984375	1938.5166015625
1306.05078125	1938.93505859375
1307.1171875	1829.13623046875
1308.1826171875	1719.2899169921875
1309.2490234375	1773.6202392578125
1310.314453125	1759.923583984375
1311.3798828125	1694.585205078125
1312.4453125	1807.6343994140625
1313.509765625	1782.1953125
1314.57421875	1855.385986328125
1315.638671875	1935.6552734375
1316.703125	1835.039794921875
1317.767578125	1767.2822265625
1318.8310546875	1636.0286865234375
1319.89453125	1577.6031494140625
1320.9580078125	1537.9654541015625
1322.021484375	1559.4661865234375
1323.083984375	1569.2127685546875
1324.146484375	1543.6661376953125
1325.208984375	1609.901123046875
1326.271484375	1669.10205078125
1327.3330078125	1690.653564453125
1328.39453125	1728.700439453125
1329.4560546875	1844.5013427734375
1330.517578125	1906.159423828125
1331.578125	1908.926513671875
1332.6396484375	1923.480712890625
1333.7001953125	1980.4798583984375
1334.7607421875	2051.65283203125
1335.8203125	2108.70361328125
1336.8798828125	2194.090087890625
1337.9404296875	2239.397216796875
1338.9990234375	2254.04052734375
1340.05859375	2306.4619140625
1341.1171875	2195.978515625
1342.1767578125	2335.795654296875
1343.2353515625	2348.109130859375
1344.29296875	2521.097900390625
1345.3515625	2637.44140625
1346.4091796875	2857.842529296875
1347.466796875	3014.50146484375
1348.5244140625	3121.56640625
1349.5810546875	3332.751708984375
1350.638671875	3293.24853515625
1351.6953125	3251.36181640625
1352.7509765625	3169.220458984375
1353.8076171875	3238.5546875
1354.86328125	3262.928955078125
1355.919921875	3384.417236328125
1356.974609375	3472.79296875
1358.0302734375	3300.572265625
1359.0859375	3263.3623046875
1360.140625	3086.28173828125
1361.1953125	2897.27001953125
1362.2490234375	2916.86328125
1363.3037109375	2789.404296875
1364.357421875	2953.701904296875
1365.4111328125	3023.151611328125
1366.46484375	2976.33056640625
1367.5185546875	2972.220947265625
1368.5712890625	2984.73095703125
1369.6240234375	2876.12109375
1370.6767578125	2660.566650390625
1371.7294921875	2478.183837890625
1372.78125	2402.666259765625
1373.8330078125	2270.0673828125
1374.884765625	2310.97216796875
1375.9365234375	2387.56494140625
1376.98828125	2371.426513671875
1378.0390625	2250.60205078125
1379.08984375	2124.96630859375
1380.140625	1958.81494140625
1381.1904296875	1880.6746826171875
1382.2412109375	1750.1163330078125
1383.291015625	1733.8197021484375
1384.3408203125	1686.5482177734375
1385.3896484375	1672.6134033203125
1386.439453125	1572.8790283203125
1387.48828125	1611.354248046875
1388.537109375	1654.614013671875
1389.5859375	1697.892333984375
1390.6337890625	1745.9593505859375
1391.6826171875	1755.8756103515625
1392.73046875	1756.2510986328125
1393.7783203125	1718.4390869140625
1394.8251953125	1752.227783203125
1395.8720703125	1790.8062744140625
1396.919921875	1755.365234375
1397.966796875	1925.342529296875
1399.0126953125	1873.1900634765625
1400.0595703125	1947.673583984375
1401.10546875	2005.456787109375
1402.1513671875	2106.298828125
1403.197265625	2271.74951171875
1404.2421875	2444.4462890625
1405.2880859375	2566.977294921875
1406.3330078125	2756.560546875
1407.376953125	2752.3623046875
1408.421875	2887.00634765625
1409.466796875	2961.848388671875
1410.5107421875	2928.951904296875
1411.5546875	2910.413818359375
1412.59765625	2994.8916015625
1413.6416015625	3026.683837890625
1414.6845703125	3056.0927734375
1415.7275390625	3071.129150390625
1416.7705078125	3148.5185546875
1417.8125	3065.243408203125
1418.85546875	2926.756103515625
1419.8974609375	2793.00830078125
1420.939453125	2654.4033203125
1421.9814453125	2472.530029296875
1423.0224609375	2405.828125
1424.0634765625	2454.371337890625
1425.1044921875	2471.70849609375
1426.1455078125	2465.027099609375
1427.185546875	2590.51171875
1428.2265625	2449.251953125
1429.2666015625	2531.512451171875
1430.306640625	2428.6533203125
1431.345703125	2400.30859375
1432.3857421875	2278.13232421875
1433.4248046875	2242.52490234375
1434.4638671875	2057.689453125
1435.5029296875	1990.7265625
1436.541015625	1986.33447265625
1437.5791015625	1755.5706787109375
1438.6171875	1681.274169921875
1439.6552734375	1565.9892578125
1440.693359375	1607.2874755859375
1441.73046875	1544.9627685546875
1442.767578125	1571.809326171875
1443.8046875	1514.27294921875
1444.841796875	1459.123779296875
1445.8779296875	1502.8548583984375
1446.9140625	1457.330810546875
1447.9501953125	1419.02734375
1448.986328125	1498.9847412109375
1450.0224609375	1489.6456298828125
1451.0576171875	1463.3984375
1452.0927734375	1533.75439453125
1453.1279296875	1572.7337646484375
1454.1630859375	1640.7261962890625
1455.197265625	1544.3983154296875
1456.2314453125	1602.74365234375
1457.265625	1603.08349609375
1458.2998046875	1625.1893310546875
1459.333984375	1630.3717041015625
1460.3671875	1543.6165771484375
1461.400390625	1592.34326171875
1462.43359375	1691.9205322265625
1463.466796875	1718.9100341796875
1464.4990234375	1653.8931884765625
1465.53125	1753.5465087890625
1466.5634765625	1792.678466796875
1467.595703125	1737.3277587890625
1468.626953125	1672.25927734375
1469.6591796875	1759.8800048828125
1470.6904296875	1689.939208984375
1471.7216796875	1729.098388671875
1472.751953125	1790.1046142578125
1473.783203125	1780.7786865234375
1474.8134765625	1786.008544921875
1475.84375	1672.3099365234375
1476.8740234375	1825.6065673828125
1477.9033203125	1918.2633056640625
1478.9326171875	1940.52685546875
1479.9619140625	1938.5076904296875
1480.9912109375	1989.94140625
1482.0205078125	2070.559326171875
1483.048828125	2010.22802734375
1484.0771484375	1867.2080078125
1485.10546875	1821.3985595703125
1486.1337890625	1729.3560791015625
1487.162109375	1729.7210693359375
1488.189453125	1688.7197265625
1489.216796875	1667.1715087890625
1490.244140625	1701.60400390625
1491.2705078125	1738.485595703125
1492.2978515625	1658.485107421875
1493.32421875	1683.1934814453125
1494.3505859375	1785.8768310546875
1495.376953125	1754.573486328125
1496.40234375	1694.007568359375
1497.4287109375	1635.85400390625
1498.4541015625	1643.513916015625
1499.478515625	1580.4471435546875
1500.50390625	1607.6141357421875
1501.5283203125	1720.1920166015625
1502.5537109375	1823.05517578125
1503.578125	1918.638427734375
1504.6015625	2058.209228515625
1505.6259765625	2041.5479736328125
1506.6494140625	2171.432861328125
1507.6728515625	2206.092529296875
1508.6962890625	2099.03857421875
1509.7197265625	2077.48291015625
1510.7421875	1899.4630126953125
1511.7646484375	1775.1607666015625
1512.787109375	1628.79541015625
1513.8095703125	1599.78369140625
1514.83203125	1568.31298828125
1515.853515625	1426.705810546875
1516.875	1446.5869140625
1517.896484375	1331.8248291015625
1518.91796875	1452.0916748046875
1519.9384765625	1442.599365234375
1520.958984375	1452.700927734375
1521.9794921875	1462.806640625
1523.0	1428.802490234375
1524.0205078125	1399.6866455078125
1525.0400390625	1444.1124267578125
1526.0595703125	1456.6766357421875
1527.0791015625	1518.302734375
1528.0986328125	1599.5811767578125
1529.1171875	1548.3851318359375
1530.13671875	1597.7967529296875
1531.1552734375	1612.860595703125
1532.1728515625	1750.70068359375
1533.19140625	1753.52294921875
1534.208984375	1822.6697998046875
1535.2265625	1980.29541015625
1536.244140625	1975.794677734375
1537.26171875	1961.4599609375
1538.279296875	1873.3646240234375
1539.2958984375	1849.1661376953125
1540.3125	1876.607177734375
1541.3291015625	1862.2391357421875
1542.345703125	1941.3653564453125
1543.361328125	1826.101318359375
1544.376953125	1897.8680419921875
1545.392578125	1839.1741943359375
1546.408203125	1975.000732421875
1547.4228515625	2061.62158203125
1548.4384765625	2113.787841796875
1549.453125	2244.827880859375
1550.4677734375	2366.063720703125
1551.482421875	2499.676025390625
1552.49609375	2623.480712890625
1553.509765625	2693.080810546875
1554.5234375	2733.109130859375
1555.537109375	2775.621337890625
1556.55078125	2670.086669921875
1557.5634765625	2673.11083984375
1558.576171875	2700.82373046875
1559.5888671875	2535.9443359375
1560.6015625	2645.142578125
1561.6142578125	2766.73779296875
1562.6259765625	2826.612548828125
1563.6376953125	2884.041015625
1564.6494140625	2911.830810546875
1565.66015625	2919.85302734375
1566.671875	3096.033447265625
1567.6826171875	2973.00732421875
1568.693359375	2961.25537109375
1569.7041015625	2845.57275390625
1570.71484375	2630.844970703125
1571.724609375	2455.635009765625
1572.734375	2317.4912109375
1573.744140625	2005.9371337890625
1574.75390625	1984.060302734375
1575.7626953125	1778.83984375
1576.7724609375	1771.7745361328125
1577.78125	1697.7861328125
1578.7900390625	1732.8443603515625
1579.7978515625	1636.5009765625
1580.806640625	1624.4395751953125
1581.814453125	1654.542724609375
1582.822265625	1573.0093994140625
1583.830078125	1548.518798828125
1584.8369140625	1546.3570556640625
1585.8447265625	1546.6768798828125
1586.8515625	1492.36767578125
1587.8583984375	1485.2252197265625
1588.865234375	1490.50048828125
1589.87109375	1577.7723388671875
1590.876953125	1540.8203125
1591.8828125	1466.5673828125
1592.888671875	1499.1910400390625
1593.89453125	1432.358642578125
1594.900390625	1460.013916015625
1595.9052734375	1442.90087890625
1596.91015625	1428.268798828125
1597.9150390625	1411.141845703125
1598.9189453125	1369.1146240234375
1599.923828125	1262.3348388671875
1600.927734375	1354.737060546875
1601.931640625	1215.5291748046875
1602.935546875	1255.64111328125
1603.9384765625	1283.31005859375
1604.94140625	1171.417236328125
1605.9453125	1096.87158203125
1606.9482421875	1092.1104736328125
1607.9501953125	1127.2498779296875
1608.953125	1030.198974609375
1609.955078125	1080.3094482421875
1610.95703125	1060.56787109375
1611.958984375	1015.8583374023438
1612.9609375	1051.0177001953125
1613.9619140625	988.8087158203125
1614.962890625	996.504150390625
1615.9638671875	1001.7047119140625
1616.96484375	1036.8896484375
1617.9658203125	1022.1080322265625
1618.9658203125	974.8260498046875
1619.9658203125	1020.027099609375
1620.9658203125	1010.2338256835938
1621.9658203125	1052.9593505859375
1622.9658203125	1010.647705078125
1623.96484375	1010.8546142578125
1624.9638671875	1108.6640625
1625.962890625	1026.2872314453125
1626.9619140625	1031.5045166015625
1627.9599609375	1019.1947021484375
1628.958984375	1019.403076171875
1629.95703125	1032.1373291015625
1630.9541015625	1082.4622802734375
1631.9521484375	1057.6212158203125
1632.9501953125	1032.77001953125
1633.947265625	1090.647216796875
1634.9443359375	1130.9937744140625
1635.94140625	1111.158447265625
1636.9375	1023.5781860351562
1637.9345703125	1078.9910888671875
1638.9306640625	1034.0347900390625
1639.9267578125	1039.26611328125
1640.9228515625	986.7506713867188
1641.91796875	964.3496704101562
1642.9140625	926.8684692382812
1643.9091796875	924.5447387695312
1644.904296875	897.0914306640625
1645.8994140625	834.4395751953125
1646.8935546875	809.470458984375
1647.888671875	905.1819458007812
1648.8828125	860.0975952148438
1649.876953125	903.034423828125
1650.8701171875	845.3515014648438
1651.8642578125	890.8190307617188
1652.857421875	863.3134155273438
1653.8505859375	876.0758666992188
1654.84375	825.8941650390625
1655.8369140625	810.9507446289062
1656.8291015625	861.4949340820312
1657.822265625	841.5134887695312
1658.814453125	806.40380859375
1659.806640625	831.7723388671875
1660.7978515625	862.193115234375
1661.7900390625	816.9798583984375
1662.78125	852.453857421875
1663.7724609375	870.2841796875
1664.763671875	835.1371459960938
1665.7548828125	807.5465087890625
1666.7451171875	764.8001098632812
1667.7353515625	790.2005615234375
1668.7255859375	823.1865844726562
1669.7158203125	803.1477661132812
1670.7060546875	778.0485229492188
1671.6953125	765.5722045898438
1672.6845703125	785.9437866210938
1673.673828125	763.353271484375
1674.6630859375	773.6197509765625
1675.65234375	761.1322021484375
1676.640625	733.4644165039062
1677.62890625	720.9635620117188
1678.6171875	748.9408569335938
1679.60546875	794.6443481445312
1680.59375	723.929931640625
1681.5810546875	746.7109375
