552.93359375	771.5638427734375
554.171875	771.7567749023438
555.4091796875	773.9703979492188
556.646484375	737.780029296875
557.8828125	808.7279052734375
559.119140625	790.728759765625
560.35546875	770.6976928710938
561.591796875	742.5631713867188
562.8271484375	801.439453125
564.0625	793.5416259765625
565.2978515625	779.5652465820312
566.5322265625	765.5817260742188
567.7666015625	765.7720947265625
569.0009765625	782.1732788085938
570.234375	760.0721435546875
571.4677734375	796.7533569335938
572.701171875	794.9232177734375
573.93359375	764.6948852539062
575.166015625	775.0288696289062
576.3984375	789.4265747070312
577.6298828125	787.5922241210938
578.8623046875	763.4226684570312
580.0927734375	743.302734375
581.32421875	830.8361206054688
582.5546875	751.7979736328125
583.78515625	770.2752075195312
585.015625	766.3997192382812
586.2451171875	750.32177734375
587.474609375	787.1170043945312
588.7041015625	769.0015869140625
589.9326171875	783.4354858398438
591.1611328125	753.0975341796875
592.3896484375	753.2830200195312
593.6171875	802.3421020507812
594.8447265625	778.0966796875
596.072265625	802.7369384765625
597.2998046875	758.1004028320312
598.5263671875	760.3250732421875
599.7529296875	750.3173217773438
600.978515625	752.5408935546875
602.205078125	754.7655029296875
603.4306640625	756.9910278320312
604.6552734375	802.0765991210938
605.880859375	785.94189453125
607.10546875	755.5057983398438
608.3291015625	741.3939208984375
609.5537109375	743.6182861328125
610.77734375	721.3226928710938
612.0009765625	754.2015991210938
613.2236328125	744.1638793945312
614.4462890625	768.884521484375
615.6689453125	752.7090454101562
616.8916015625	767.214111328125
618.11328125	783.7725219726562
619.3349609375	786.0105590820312
620.556640625	790.2969360351562
621.77734375	776.1541748046875
622.998046875	784.5368041992188
624.21875	745.7987060546875
625.4384765625	762.3753662109375
626.6591796875	801.5087890625
627.8779296875	752.4942626953125
629.09765625	750.626220703125
630.31640625	787.7335815429688
631.53515625	806.3917846679688
632.75390625	771.6969604492188
633.9716796875	757.5139770507812
635.189453125	790.5518188476562
636.4072265625	766.0968627929688
637.6240234375	776.5543823242188
638.8408203125	758.2485961914062
640.0576171875	741.9891357421875
641.2744140625	805.900634765625
642.490234375	818.4337768554688
643.7060546875	756.92578125
644.9208984375	810.60009765625
646.13671875	757.2915649414062
647.3515625	755.4161376953125
648.56640625	755.5984497070312
649.7802734375	796.9677124023438
650.994140625	758.0228881835938
652.2080078125	830.3175659179688
653.4208984375	789.3009033203125
654.634765625	748.2643432617188
655.8466796875	767.0010375976562
657.0595703125	804.3074951171875
658.271484375	744.6791381835938
659.4833984375	761.3648071289062
660.6953125	763.6116333007812
661.9072265625	765.8594360351562
663.1181640625	761.913818359375
664.3291015625	772.4232177734375
665.5390625	811.8588256835938
666.7490234375	750.0647583007812
667.958984375	775.046142578125
669.1689453125	750.4244995117188
670.3779296875	767.1465454101562
671.5869140625	783.8765258789062
672.7958984375	761.3077392578125
674.00390625	796.66748046875
675.212890625	800.9976196289062
676.419921875	770.1353759765625
677.6279296875	757.8949584960938
678.8349609375	758.0761108398438
680.0419921875	770.6876220703125
681.2490234375	766.7272338867188
682.455078125	758.6193237304688
683.6611328125	733.921630859375
684.8671875	808.7505493164062
686.0732421875	767.4591064453125
687.2783203125	755.1937866210938
688.4833984375	774.050537109375
689.6875	738.9480590820312
690.892578125	793.1049194335938
692.0966796875	747.6066284179688
693.2998046875	749.8616333007812
694.50390625	754.1953125
695.70703125	756.4527587890625
696.91015625	729.6099243164062
698.1123046875	719.387451171875
699.3154296875	725.7972412109375
700.517578125	732.2099609375
701.71875	742.786865234375
702.9208984375	747.1253051757812
704.1220703125	728.56787109375
705.3232421875	739.151123046875
706.5234375	785.1436767578125
707.7236328125	762.4154663085938
708.923828125	766.76318359375
710.1240234375	735.683349609375
711.3232421875	769.210693359375
712.5224609375	748.5418701171875
713.7216796875	767.4889526367188
714.9208984375	759.3261108398438
716.119140625	765.7651977539062
717.3173828125	703.3346557617188
718.5146484375	747.3389892578125
719.712890625	747.515380859375
720.91015625	741.4262084960938
722.107421875	726.9779052734375
723.3037109375	756.4024658203125
724.5	769.1207275390625
725.6962890625	781.8449096679688
726.892578125	761.1192016601562
728.087890625	736.2006225585938
729.283203125	728.0059814453125
730.478515625	793.0436401367188
731.6728515625	747.1851806640625
732.8671875	728.5198364257812
734.0615234375	787.3213500976562
735.255859375	743.5232543945312
736.44921875	754.1725463867188
737.642578125	754.349609375
738.8359375	754.5266723632812
740.0283203125	748.4144897460938
741.220703125	746.4931640625
742.4130859375	746.668212890625
743.60546875	725.864501953125
744.796875	734.4280395507812
745.98828125	803.8624267578125
747.1796875	770.4610595703125
748.3701171875	755.9425659179688
749.560546875	754.0191650390625
750.7509765625	768.9013061523438
751.94140625	775.3850708007812
753.130859375	788.1771850585938
754.3203125	777.8499145507812
755.509765625	780.1344604492188
756.6982421875	782.4199829101562
757.88671875	753.1498413085938
759.0751953125	757.5341796875
760.263671875	730.3491821289062
761.451171875	707.3618774414062
762.638671875	755.958740234375
763.826171875	726.6478271484375
765.0126953125	775.2716674804688
766.19921875	756.4874267578125
767.3857421875	781.9559936523438
768.572265625	780.0299072265625
769.7578125	769.6680297851562
770.943359375	782.502197265625
772.12890625	776.355224609375
773.3134765625	776.5357666015625
774.4990234375	734.5034790039062
775.6826171875	747.3409423828125
776.8671875	715.8402709960938
778.05078125	713.8944091796875
779.234375	752.0870361328125
780.41796875	741.6961669921875
781.6015625	705.9373779296875
782.7841796875	782.2078247070312
783.966796875	729.525146484375
785.1494140625	801.6061401367188
786.3310546875	748.9033203125
787.5126953125	749.0768432617188
788.6943359375	736.5512084960938
789.875	764.2430419921875
791.056640625	736.8923950195312
792.2373046875	745.534912109375
793.4169921875	739.3519897460938
794.59765625	737.4039916992188
795.77734375	737.5745239257812
796.95703125	737.7450561523438
798.1357421875	763.3609008789062
799.314453125	680.8207397460938
800.494140625	729.7708129882812
801.671875	738.427001953125
802.8505859375	742.8423461914062
804.0283203125	730.2763671875
805.2060546875	721.9513549804688
806.3828125	766.71923828125
807.560546875	737.1549682617188
808.7373046875	747.9491577148438
809.9140625	748.1215209960938
811.08984375	735.5388793945312
812.265625	725.0767211914062
813.44140625	778.4140625
814.6171875	727.5379638671875
815.7919921875	738.3443603515625
816.966796875	768.3102416992188
818.1416015625	781.2595825195312
819.31640625	749.5003051757812
820.490234375	753.93212890625
821.6640625	773.277587890625
822.837890625	767.0631103515625
824.0107421875	756.5831909179688
825.1845703125	748.2301635742188
826.357421875	748.4019165039062
827.529296875	733.6448974609375
828.7021484375	772.21044921875
829.8740234375	746.7836303710938
831.044921875	749.0890502929688
832.216796875	777.01123046875
833.3876953125	785.7299194335938
834.55859375	743.1974487304688
835.7294921875	743.3677368164062
836.8994140625	796.953125
838.0703125	754.393798828125
839.2392578125	775.9423217773438
840.4091796875	737.6346435546875
841.578125	784.8517456054688
842.7470703125	744.389404296875
843.916015625	757.3968505859375
845.0849609375	744.7298583984375
846.2529296875	717.0734252929688
847.4208984375	723.6603393554688
848.5888671875	743.09912109375
849.755859375	792.5345458984375
850.9228515625	702.7316284179688
852.08984375	720.0357666015625
853.2568359375	711.6263427734375
854.4228515625	763.2433471679688
855.5888671875	735.5398559570312
856.7548828125	690.664306640625
857.919921875	759.4749145507812
859.0859375	718.8759765625
860.2509765625	755.5284423828125
861.4150390625	751.4068603515625
862.580078125	755.872802734375
863.744140625	762.488525390625
864.908203125	745.4754028320312
866.0712890625	717.7102661132812
867.2353515625	715.7243041992188
868.3984375	702.9883422851562
869.5615234375	733.25244140625
870.7236328125	718.3637084960938
871.8857421875	759.4013671875
873.0478515625	722.9939575195312
874.2099609375	738.22412109375
875.3720703125	729.7808837890625
876.533203125	721.333740234375
877.6943359375	771.0332641601562
878.8544921875	734.5867309570312
880.015625	773.5381469726562
881.17578125	737.075439453125
882.3359375	732.9313354492188
883.4951171875	711.5359497070312
884.6552734375	724.6373291015625
885.814453125	731.2730712890625
886.97265625	716.33544921875
888.1318359375	731.6046752929688
889.2900390625	736.0877685546875
890.4482421875	772.9592895507812
891.6064453125	729.9425659179688
892.763671875	751.7086791992188
893.9208984375	732.4337768554688
895.078125	745.56591796875
896.2353515625	763.027099609375
897.3916015625	782.6580810546875
898.5478515625	715.7968139648438
899.7041015625	722.44775390625
900.859375	752.9002685546875
902.015625	733.594482421875
903.1708984375	729.431396484375
904.3251953125	770.730712890625
905.48046875	697.2791137695312
906.634765625	719.09619140625
907.7890625	745.2559204101562
908.943359375	725.9218139648438
910.0966796875	732.5879516601562
911.25	765.27197265625
912.4033203125	776.2866821289062
913.556640625	704.8885498046875
914.708984375	731.080078125
915.861328125	724.7353515625
917.013671875	729.239501953125
918.1650390625	744.5997924804688
919.3173828125	705.6836547851562
920.46875	692.8117065429688
921.619140625	762.4818725585938
922.7705078125	780.0360107421875
923.9208984375	760.652099609375
925.0712890625	695.6099243164062
926.2216796875	769.6917724609375
927.37109375	713.3212280273438
928.5205078125	715.6570434570312
929.669921875	741.9269409179688
930.8193359375	729.0364379882812
931.9677734375	711.7866821289062
933.1162109375	696.706298828125
934.2646484375	685.9744873046875
935.412109375	742.7615356445312
936.560546875	686.2828979492188
937.7080078125	686.4370727539062
938.8544921875	736.723388671875
940.001953125	758.6903076171875
941.1484375	758.8607177734375
942.294921875	726.314208984375
943.44140625	678.4818115234375
944.5869140625	713.5477294921875
945.7333984375	750.8119506835938
946.8779296875	761.8958129882812
948.0234375	674.7238159179688
949.16796875	722.924560546875
950.3134765625	725.271240234375
951.45703125	742.9141845703125
952.6015625	681.8858032226562
953.7451171875	734.503173828125
954.888671875	725.9216918945312
956.0322265625	728.2713623046875
957.17578125	713.1220703125
958.318359375	730.78564453125
959.4609375	759.3994140625
960.603515625	737.6798095703125
961.7451171875	722.518798828125
962.8876953125	740.2000122070312
964.029296875	760.0795288085938
965.169921875	736.1494750976562
966.3115234375	699.0601196289062
967.4521484375	714.559814453125
968.5927734375	655.5250244140625
969.7333984375	723.6509399414062
970.873046875	726.0060424804688
972.0126953125	699.8419799804688
973.15234375	724.13623046875
974.2919921875	678.2063598632812
975.4306640625	684.94384765625
976.5693359375	669.72607421875
977.7080078125	685.2498168945312
978.8466796875	700.7804565429688
979.984375	654.793701171875
981.1220703125	712.082275390625
982.259765625	707.8446655273438
983.396484375	699.20751953125
984.5341796875	664.1754150390625
985.6708984375	686.321044921875
986.8076171875	734.8793334960938
987.943359375	693.2293701171875
989.0791015625	735.2070922851562
990.21484375	689.1350708007812
991.3505859375	693.6930541992188
992.4853515625	693.84765625
993.62109375	691.799072265625
994.755859375	694.1568603515625
995.8896484375	678.88232421875
997.0244140625	707.6940307617188
998.158203125	767.3905639648438
999.2919921875	736.6824951171875
1000.42578125	732.4342041015625
1001.55859375	714.9442749023438
1002.69140625	739.381591796875
1003.82421875	732.92333984375
1004.95703125	737.5025634765625
1006.0888671875	691.286376953125
1007.220703125	733.4124755859375
1008.3525390625	744.6234130859375
1009.484375	680.6973266601562
1010.615234375	705.1646728515625
1011.74609375	685.4220581054688
1012.876953125	683.3628540039062
1014.0068359375	712.27099609375
1015.1376953125	710.2166748046875
1016.267578125	697.096435546875
1017.3974609375	697.2512817382812
1018.5263671875	717.3319702148438
1019.6552734375	719.7057495117188
1020.7841796875	744.230224609375
1021.9130859375	693.4397583007812
1023.0419921875	744.5606079101562
1024.169921875	689.314697265625
1025.2978515625	720.5047607421875
1026.42578125	762.7957763671875
1027.552734375	705.2990112304688
1028.6796875	723.2026977539062
1029.806640625	725.5819702148438
1030.93359375	736.83984375
1032.060546875	730.343505859375
1033.1865234375	708.3016357421875
1034.3125	737.3299560546875
1035.4375	737.4933471679688
1036.5634765625	673.2228393554688
1037.6884765625	697.81787109375
1038.8134765625	689.0810546875
1039.9384765625	751.4869995117188
1041.0625	722.74365234375
1042.1865234375	676.1929931640625
1043.310546875	731.9630126953125
1044.4345703125	736.5756225585938
1045.5576171875	707.8032836914062
1046.6806640625	710.1862182617188
1047.8037109375	721.4772338867188
1048.9267578125	708.273193359375
1050.048828125	697.2910766601562
1051.1708984375	666.2496337890625
1052.29296875	695.3707885742188
1053.4150390625	702.2122802734375
1054.5361328125	713.5161743164062
1055.6572265625	742.6669311523438
1056.7783203125	713.8316650390625
1057.8994140625	702.8333129882812
1059.01953125	711.9154663085938
1060.1396484375	691.98291015625
1061.259765625	723.3935546875
1062.3798828125	723.5533447265625
1063.4990234375	696.908935546875
1064.6181640625	710.4678955078125
1065.7373046875	634.6460571289062
1066.8564453125	701.8410034179688
1067.974609375	681.8750610351562
1069.0927734375	699.9147338867188
1070.2109375	693.3592529296875
1071.328125	693.5122680664062
1072.4462890625	731.7049560546875
1073.5634765625	745.295166015625
1074.6806640625	698.4486083984375
1075.796875	691.8853149414062
1076.9140625	705.4755249023438
1078.0302734375	676.509765625
1079.1455078125	712.5084228515625
1080.26171875	705.9421997070312
1081.376953125	715.0641479492188
1082.4921875	704.0113525390625
1083.607421875	692.9536743164062
1084.72265625	717.780029296875
1085.8369140625	733.64306640625
1086.951171875	691.1676635742188
1088.0654296875	745.1890258789062
1089.1787109375	695.9622802734375
1090.29296875	707.3432006835938
1091.40625	682.7926025390625
1092.5185546875	705.4081420898438
1093.6318359375	692.081298828125
1094.744140625	728.19384765625
1095.8564453125	714.8660888671875
1096.96875	670.0533447265625
1098.0810546875	721.9276733398438
1099.1923828125	715.3380126953125
1100.3037109375	695.2454833984375
1101.4150390625	733.6566162109375
1102.525390625	697.8023681640625
1103.63671875	731.7278442382812
1104.7470703125	702.6131591796875
1105.8564453125	693.7578125
1106.966796875	738.9694213867188
1108.076171875	694.0628051757812
1109.185546875	752.8179321289062
1110.294921875	705.64013671875
1111.404296875	719.3247680664062
1112.5126953125	654.0752563476562
1113.62109375	688.057861328125
1114.7294921875	737.8502807617188
1115.8369140625	692.8739624023438
1116.9453125	693.026123046875
1118.052734375	684.1466674804688
1119.1591796875	722.6897583007812
1120.2666015625	695.7415771484375
1121.373046875	686.8567504882812
1122.4794921875	657.6288452148438
1123.5859375	639.6900634765625
1124.6923828125	700.8743286132812
1125.7978515625	685.1984252929688
1126.9033203125	698.9200439453125
1128.0087890625	712.6475830078125
1129.11328125	696.9638061523438
1130.21875	724.2770385742188
1131.3232421875	713.1165771484375
1132.4267578125	697.4224243164062
1133.53125	665.8673095703125
1134.634765625	740.7698974609375
1135.73828125	677.488525390625
1136.841796875	752.4263916015625
1137.9453125	659.6507568359375
1139.0478515625	664.3300170898438
1140.150390625	662.2077026367188
1141.2529296875	678.2311401367188
1142.35546875	694.261474609375
1143.45703125	658.1043701171875
1144.55859375	674.13720703125
1145.66015625	715.1505737304688
1146.76171875	706.2239379882812
1147.8623046875	692.7506713867188
1148.962890625	701.9895629882812
1150.0634765625	643.063232421875
1151.1630859375	688.6600341796875
1152.263671875	634.2515258789062
1153.36328125	684.4138793945312
1154.462890625	691.3865356445312
1155.5615234375	693.8126220703125
1156.6611328125	653.0090942382812
1157.759765625	669.0824584960938
1158.8583984375	687.4390869140625
1159.9560546875	667.098388671875
1161.0546875	683.1852416992188
1162.15234375	671.9456787109375
1163.25	669.8143310546875
1164.34765625	690.4697265625
1165.4443359375	665.5486450195312
1166.541015625	688.4918212890625
1167.6376953125	718.2858276367188
1168.734375	631.7734985351562
1169.830078125	714.0372314453125
1170.92578125	679.9667358398438
1172.021484375	634.4699096679688
1173.1171875	657.4361572265625
1174.2119140625	687.2621459960938
1175.3076171875	664.5746459960938
1176.40234375	671.572509765625
1177.49609375	717.414306640625
1178.5908203125	699.2888793945312
1179.6845703125	681.155517578125
1180.7783203125	681.30419921875
1181.8720703125	690.599853515625
1182.96484375	736.4956665039062
1184.0576171875	709.203369140625
1185.150390625	720.79931640625
1186.2431640625	679.7590942382812
1187.3359375	684.48583984375
1188.427734375	673.1864013671875
1189.51953125	691.6552124023438
1190.611328125	666.6078491210938
1191.7021484375	703.4131469726562
1192.7939453125	682.9407958984375
1193.884765625	664.751708984375
1194.974609375	671.7748413085938
1196.0654296875	697.1470336914062
1197.1552734375	717.9426879882812
1198.2451171875	699.7451782226562
1199.3349609375	679.2449340820312
1200.4248046875	723.0026245117188
1201.513671875	691.0196533203125
1202.6025390625	700.3551635742188
1203.69140625	679.8370361328125
1204.7802734375	723.6328125
1205.8681640625	746.7678833007812
1206.9560546875	696.3690185546875
1208.0439453125	698.8193969726562
1209.1318359375	731.1610107421875
1210.21875	724.4209594726562
1211.3056640625	660.171630859375
1212.392578125	674.119873046875
1213.4794921875	706.4840698242188
1214.5654296875	692.8273315429688
1215.65234375	725.2095947265625
1216.73828125	670.101318359375
1217.8232421875	672.5503540039062
1218.9091796875	688.8229370117188
1219.994140625	686.6685180664062
1221.0791015625	714.4749145507812
1222.1640625	719.2408447265625
1223.248046875	712.4799194335938
1224.33203125	689.5722045898438
1225.416015625	701.2559814453125
1226.5	710.637451171875
1227.583984375	720.0230102539062
1228.6669921875	708.63818359375
1229.75	681.0869140625
1230.8330078125	741.2760009765625
1231.916015625	699.8611450195312
1232.998046875	686.1515502929688
1234.080078125	697.8544921875
1235.162109375	661.025634765625
1236.2431640625	742.0814819335938
1237.3251953125	735.3057861328125
1238.40625	723.9015502929688
1239.4873046875	714.8056030273438
1240.5673828125	728.843505859375
1241.6484375	687.3445434570312
1242.728515625	763.8818969726562
1243.80859375	708.4805908203125
1244.888671875	741.0555419921875
1245.9677734375	687.9414672851562
1247.046875	741.377197265625
1248.1259765625	718.364990234375
1249.205078125	737.0632934570312
1250.2841796875	737.2232055664062
1251.3623046875	700.2821044921875
1252.4404296875	723.6271362304688
1253.5185546875	712.1849975585938
1254.595703125	749.464599609375
1255.6728515625	675.3606567382812
1256.75	684.7923583984375
1257.8271484375	742.9866333007812
1258.904296875	699.0233154296875
1259.98046875	727.0488891601562
1261.056640625	657.5061645507812
1262.1328125	715.7448120117188
1263.208984375	664.7642211914062
1264.2841796875	755.5775146484375
1265.359375	732.4876098632812
1266.4345703125	695.4324951171875
1267.509765625	704.8886108398438
1268.583984375	702.7144165039062
1269.6591796875	712.1760864257812
1270.732421875	698.363037109375
1271.806640625	712.4844970703125
1272.880859375	710.3098754882812
1273.9541015625	717.4517822265625
1275.02734375	719.9369506835938
1276.1005859375	734.0751953125
1277.1728515625	699.2705078125
1278.2451171875	739.0557250976562
1279.318359375	706.56884765625
1280.3896484375	699.7244873046875
1281.4619140625	727.8709106445312
1282.533203125	774.6968383789062
1283.6044921875	744.5232543945312
1284.67578125	719.0055541992188
1285.7470703125	721.4959106445312
1286.8173828125	686.6203002929688
1287.8876953125	700.784423828125
1288.9580078125	728.9733276367188
1290.0283203125	696.4135131835938
1291.09765625	719.9386596679688
1292.16796875	724.7701416015625
1293.2373046875	727.2652587890625
1294.3056640625	734.4393310546875
1295.375	753.3138427734375
1296.443359375	697.3168334960938
1297.51171875	765.3418579101562
1298.580078125	702.3001098632812
1299.6474609375	732.891357421875
1300.7158203125	721.3395385742188
1301.783203125	714.4677734375
1302.8505859375	749.767333984375
1303.9169921875	752.272705078125
1304.984375	738.3709106445312
1306.05078125	698.673095703125
1307.1171875	729.3094482421875
1308.1826171875	776.3778686523438
1309.2490234375	755.4308471679688
1310.314453125	680.5037841796875
1311.3798828125	734.6331787109375
1312.4453125	734.7916259765625
1313.509765625	713.8173828125
1314.57421875	657.6051635742188
1315.638671875	683.5870361328125
1316.703125	730.7264404296875
1317.767578125	686.23193359375
1318.8310546875	674.6267700195312
1319.89453125	698.2833862304688
1320.9580078125	703.1371459960938
1322.021484375	703.2886352539062
1323.083984375	696.3822631835938
1324.146484375	727.1232299804688
1325.208984375	739.0481567382812
1326.271484375	720.3740844726562
1327.3330078125	713.4652099609375
1328.39453125	701.8429565429688
1329.4560546875	709.0611572265625
1330.517578125	680.9395141601562
1331.578125	685.7994995117188
1332.6396484375	721.3052368164062
1333.7001953125	742.679931640625
1334.7607421875	700.3917846679688
1335.8203125	693.46630859375
1336.8798828125	703.052490234375
1337.9404296875	717.3622436523438
1338.9990234375	696.2742919921875
1340.05859375	736.5569458007812
1341.1171875	715.4639892578125
1342.1767578125	708.5325317382812
1343.2353515625	670.8883666992188
1344.29296875	699.3861083984375
1345.3515625	692.446533203125
1346.4091796875	730.4163208007812
1347.466796875	732.9376220703125
1348.5244140625	664.5152587890625
1349.5810546875	697.772705078125
1350.638671875	712.11767578125
1351.6953125	719.3697509765625
1352.7509765625	660.3528442382812
1353.8076171875	717.3114624023438
1354.86328125	667.7401733398438
1355.919921875	705.7777099609375
1356.974609375	646.7069702148438
1358.0302734375	689.4949951171875
1359.0859375	670.6837768554688
1360.140625	722.9768676757812
1361.1953125	682.8263549804688
1362.2490234375	645.0299682617188
1363.3037109375	694.9791259765625
1364.357421875	692.7557983398438
1365.4111328125	683.41259765625
1366.46484375	707.2938842773438
1367.5185546875	636.2262573242188
1368.5712890625	724.2186889648438
1369.6240234375	660.2490844726562
1370.6767578125	650.8886108398438
1371.7294921875	670.0363159179688
1372.78125	677.3095092773438
1373.8330078125	675.07763671875
1374.884765625	656.2019653320312
1375.9365234375	661.0986938476562
1376.98828125	692.16162109375
1378.0390625	666.14013671875
1379.08984375	678.1807250976562
1380.140625	678.3259887695312
1381.1904296875	714.1802368164062
1382.2412109375	666.7109375
1383.291015625	700.1964111328125
1384.3408203125	683.67138671875
1385.3896484375	671.904541015625
1386.439453125	641.0673828125
1387.48828125	660.2738647460938
1388.537109375	648.4942626953125
1389.5859375	670.0951538085938
1390.6337890625	660.6976928710938
1391.6826171875	651.2962036132812
1392.73046875	656.2079467773438
1393.7783203125	644.4146728515625
1394.8251953125	651.714111328125
1395.8720703125	651.8534545898438
1396.919921875	685.4283447265625
1397.966796875	664.0759887695312
1399.0126953125	616.4324340820312
1400.0595703125	697.8167724609375
1401.10546875	642.9891357421875
1402.1513671875	655.0805053710938
1403.197265625	657.6116943359375
1404.2421875	629.0502319335938
1405.2880859375	631.576904296875
1406.3330078125	691.532958984375
1407.376953125	600.7329711914062
1408.421875	670.2833862304688
1409.466796875	624.9332275390625
1410.5107421875	598.7227783203125
1411.5546875	641.9677734375
1412.59765625	589.3946533203125
1413.6416015625	615.8810424804688
1414.6845703125	630.39404296875
1415.7275390625	642.5156860351562
1416.7705078125	647.4486083984375
1417.8125	671.5713500976562
1418.85546875	654.921630859375
1419.8974609375	628.6668090820312
1420.939453125	652.8008422851562
1421.9814453125	631.3353271484375
1423.0224609375	641.0739135742188
1424.0634765625	684.4381713867188
1425.1044921875	602.914306640625
1426.1455078125	655.8990478515625
1427.185546875	658.4417724609375
1428.2265625	610.51025390625
1429.2666015625	665.9344482421875
1430.306640625	642.0300903320312
1431.345703125	683.0537719726562
1432.3857421875	666.3596801757812
1433.4248046875	620.7847900390625
1434.4638671875	673.8632202148438
1435.5029296875	604.19873046875
1436.541015625	664.5191650390625
1437.5791015625	604.4557495117188
1438.6171875	621.4451904296875
1439.6552734375	611.9404296875
1440.693359375	645.806640625
1441.73046875	631.4824829101562
1442.767578125	670.1886596679688
1443.8046875	605.2269287109375
1444.841796875	677.708740234375
1445.8779296875	639.256103515625
1446.9140625	636.9790649414062
1447.9501953125	675.727294921875
1448.986328125	666.2154541015625
1450.0224609375	661.5281982421875
1451.0576171875	644.7646484375
1452.0927734375	632.8246459960938
1453.1279296875	669.197021484375
1454.1630859375	657.257080078125
1455.197265625	606.6416015625
1456.2314453125	597.1005859375
1457.265625	652.8394775390625
1458.2998046875	677.1622314453125
1459.333984375	628.9267578125
1460.3671875	641.1574096679688
1461.400390625	636.4533081054688
1462.43359375	629.32666015625
1463.466796875	636.7230224609375
1464.4990234375	636.8578491210938
1465.53125	622.4605712890625
1466.5634765625	697.6910400390625
1467.595703125	661.4929809570312
1468.626953125	651.9387817382812
1469.6591796875	642.3804321289062
1470.6904296875	664.337646484375
1471.7216796875	645.077392578125
1472.751953125	650.0650634765625
1473.783203125	618.6629028320312
1474.8134765625	618.793701171875
1475.84375	652.9047241210938
1476.8740234375	636.049072265625
1477.9033203125	604.6171264648438
1478.9326171875	621.7457885742188
1479.9619140625	621.8771362304688
1480.9912109375	680.3218383789062
1482.0205078125	651.302734375
1483.048828125	639.2864990234375
1484.0771484375	651.5778198242188
1485.10546875	644.4200439453125
1486.1337890625	629.9623413085938
1487.162109375	659.2888793945312
1488.189453125	603.4617919921875
1489.216796875	576.8170166015625
1490.244140625	603.7164306640625
1491.2705078125	589.234619140625
1492.2978515625	574.7466430664062
1493.32421875	638.2007446289062
1494.3505859375	594.4801635742188
1495.376953125	589.7316284179688
1496.40234375	597.1681518554688
1497.4287109375	607.0457153320312
1498.4541015625	612.0504760742188
1499.478515625	582.9118041992188
1500.50390625	622.066162109375
1501.5283203125	570.9573364257812
1502.5537109375	595.4825439453125
1503.578125	563.8746337890625
1504.6015625	603.0577392578125
1505.6259765625	593.4164428710938
1506.6494140625	605.7540283203125
1507.6728515625	591.2230224609375
1508.6962890625	591.3472900390625
1509.7197265625	596.3598022460938
1510.7421875	613.597412109375
1511.7646484375	611.28125
1512.787109375	562.4968872070312
1513.8095703125	606.6458129882812
1514.83203125	543.1598510742188
1515.853515625	560.4041748046875
1516.875	614.37109375
1517.896484375	572.8804931640625
1518.91796875	577.898193359375
1519.9384765625	548.6286010742188
1520.958984375	568.3416748046875
1521.9794921875	632.167724609375
1523.0	568.580078125
1524.0205078125	610.3712158203125
1525.0400390625	603.1437377929688
1526.0595703125	571.3900146484375
1527.0791015625	576.4154052734375
1528.0986328125	583.8961791992188
1529.1171875	579.1107788085938
1530.13671875	574.3232421875
1531.1552734375	591.627685546875
1532.1728515625	586.8407592773438
1533.19140625	594.331298828125
1534.208984375	569.891357421875
1535.2265625	594.5800170898438
1536.244140625	577.5021362304688
1537.26171875	567.791015625
1538.279296875	599.8699951171875
1539.2958984375	597.536376953125
1540.3125	609.9588012695312
1541.3291015625	565.8057861328125
1542.345703125	575.7661743164062
1543.361328125	588.191650390625
1544.376953125	585.8529052734375
1545.392578125	603.2097778320312
1546.408203125	610.7234497070312
1547.4228515625	554.1994018554688
1548.4384765625	561.7058715820312
1549.453125	608.6416015625
1550.4677734375	591.5159301757812
1551.482421875	611.360595703125
1552.49609375	586.8312377929688
1553.509765625	604.2168579101562
1554.5234375	651.2101440429688
1555.537109375	592.1325073242188
1556.55078125	602.1267700195312
1557.5634765625	567.6966552734375
1558.576171875	580.1586303710938
1559.5888671875	577.8101196289062
1560.6015625	637.2052612304688
1561.6142578125	600.2832641601562
1562.6259765625	560.8750610351562
1563.6376953125	585.7049560546875
1564.6494140625	575.9393310546875
1565.66015625	568.6419677734375
1566.671875	598.4345703125
1567.6826171875	601.0322875976562
1568.693359375	583.8397827148438
1569.7041015625	606.230712890625
1570.71484375	611.306396484375
1571.724609375	636.1876831054688
1572.734375	586.8006591796875
1573.744140625	569.5870971679688
1574.75390625	554.8433227539062
1575.7626953125	616.8956909179688
1576.7724609375	574.8974609375
1577.78125	599.8018188476562
1578.7900390625	575.1357421875
1579.7978515625	565.336669921875
1580.806640625	580.3341064453125
1581.814453125	555.6485595703125
1582.822265625	570.6500854492188
1583.830078125	516.1729736328125
1584.8369140625	585.7789306640625
1585.8447265625	568.5216674804688
1586.8515625	506.56072998046875
1587.8583984375	536.4692993164062
1588.865234375	551.4851684570312
1589.87109375	551.59912109375
1590.876953125	531.83154296875
1591.8828125	586.626953125
1592.888671875	549.4547729492188
1593.89453125	554.5416259765625
1594.900390625	532.2708129882812
1595.9052734375	559.7460327148438
1596.91015625	542.4435424804688
1597.9150390625	512.6900024414062
1598.9189453125	604.8997192382812
1599.923828125	547.7587280273438
1600.927734375	520.47802734375
1601.931640625	557.9478149414062
1602.935546875	568.028076171875
1603.9384765625	583.0962524414062
1604.94140625	580.723876953125
1605.9453125	533.4784545898438
1606.9482421875	568.495849609375
1607.9501953125	558.6370849609375
1608.953125	578.7073974609375
1609.955078125	551.3819580078125
1610.95703125	561.4771118164062
1611.958984375	559.0964965820312
1612.9609375	569.1972045898438
1613.9619140625	546.8411865234375
1614.962890625	609.3910522460938
1615.9638671875	544.567626953125
1616.96484375	569.6646728515625
1617.9658203125	559.7853393554688
1618.9658203125	564.8992309570312
1619.9658203125	552.5146484375
1620.9658203125	575.1331176757812
1621.9658203125	625.2727661132812
1622.9658203125	572.8671264648438
1623.96484375	540.4569091796875
1624.9638671875	593.1227416992188
1625.962890625	533.1687622070312
1626.9619140625	583.3508911132812
1627.9599609375	568.4451904296875
1628.958984375	576.075439453125
1629.95703125	578.6983642578125
1630.9541015625	551.25390625
1631.9521484375	501.2423095703125
1632.9501953125	543.9589233398438
1633.947265625	541.562744140625
1634.9443359375	529.1345825195312
1635.94140625	546.8003540039062
1636.9375	501.7539978027344
1637.9345703125	509.3841552734375
1638.9306640625	534.5859375
1639.9267578125	499.55059814453125
1640.9228515625	552.3795166015625
1641.91796875	499.754150390625
1642.9140625	537.533447265625
1643.9091796875	527.593505859375
1644.904296875	522.6751098632812
1645.8994140625	505.18780517578125
1646.8935546875	517.8599853515625
1647.888671875	553.166748046875
1648.8828125	533.159912109375
1649.876953125	493.0215759277344
1650.8701171875	525.8287963867188
1651.8642578125	538.5177001953125
1652.857421875	533.5931396484375
1653.8505859375	538.736328125
1654.84375	558.9893188476562
1655.8369140625	518.8070068359375
1656.8291015625	493.7222595214844
1657.822265625	519.017333984375
1658.814453125	501.48236083984375
1659.806640625	511.666015625
1660.7978515625	519.3327026367188
1661.7900390625	549.6962890625
1662.78125	547.2854614257812
1663.7724609375	512.0802612304688
1664.763671875	542.460693359375
1665.7548828125	532.4759521484375
1666.7451171875	494.72216796875
1667.7353515625	522.5927124023438
1668.7255859375	499.97222900390625
1669.7158203125	484.9194030761719
1670.7060546875	479.9649963378906
1671.6953125	512.9081420898438
1672.6845703125	480.1585998535156
1673.673828125	490.3659973144531
1674.6630859375	500.5774841308594
1675.65234375	503.2070007324219
1676.640625	472.95806884765625
1677.62890625	490.7611389160156
1678.6171875	518.692138671875
1679.60546875	458.059326171875
1680.59375	488.526123046875
1681.5810546875	491.0573425292969
