552.93359375	660.4747924804688
554.171875	622.254150390625
555.4091796875	638.5761108398438
556.646484375	650.8634643554688
557.8828125	632.82958984375
559.119140625	653.2107543945312
560.35546875	687.76171875
561.591796875	657.5831909179688
562.8271484375	639.532470703125
564.0625	639.6917114257812
565.2978515625	621.6273803710938
566.5322265625	613.6806030273438
567.7666015625	619.9107666015625
569.0009765625	666.6710205078125
570.234375	701.293212890625
571.4677734375	675.1116333007812
572.701171875	648.9169311523438
573.93359375	683.5601806640625
575.166015625	710.10498046875
576.3984375	661.5759887695312
577.6298828125	686.098388671875
578.8623046875	619.2656860351562
580.0927734375	725.0248413085938
581.32421875	660.1998291015625
582.5546875	656.29931640625
583.78515625	682.8825073242188
585.015625	681.018310546875
586.2451171875	677.11962890625
587.474609375	663.0494995117188
588.7041015625	687.625732421875
589.9326171875	691.8650512695312
591.1611328125	700.1771850585938
592.3896484375	673.8829345703125
593.6171875	637.3936157226562
594.8447265625	653.8456420898438
596.072265625	637.707275390625
597.2998046875	678.6221313476562
598.5263671875	619.6751098632812
599.7529296875	676.9166870117188
600.978515625	652.6099853515625
602.205078125	671.1293334960938
603.4306640625	642.7282104492188
604.6552734375	681.6630249023438
605.880859375	692.037109375
607.10546875	681.9971313476562
608.3291015625	631.1038818359375
609.5537109375	651.6874389648438
610.77734375	680.4545288085938
612.0009765625	694.9282836914062
613.2236328125	691.00927734375
614.4462890625	705.492431640625
615.6689453125	717.9371337890625
616.8916015625	726.2960205078125
618.11328125	777.63330078125
619.3349609375	726.650390625
620.556640625	694.069091796875
621.77734375	714.7171630859375
622.998046875	690.3104248046875
624.21875	690.478515625
625.4384765625	776.7211303710938
626.6591796875	733.8623046875
627.8779296875	738.1414794921875
629.09765625	777.2877807617188
630.31640625	752.8599243164062
631.53515625	828.9625854492188
632.75390625	710.1254272460938
633.9716796875	773.9370727539062
635.189453125	728.9503784179688
636.4072265625	753.7736206054688
637.6240234375	778.6087646484375
638.8408203125	805.5106811523438
640.0576171875	846.8131103515625
641.2744140625	830.5711059570312
642.490234375	816.37744140625
643.7060546875	849.484619140625
644.9208984375	808.542724609375
646.13671875	751.1180419921875
647.3515625	796.5831909179688
648.56640625	837.9525146484375
649.7802734375	825.798583984375
650.994140625	811.578857421875
652.2080078125	826.1968994140625
653.4208984375	805.78759765625
654.634765625	836.9017333984375
655.8466796875	764.939208984375
657.0595703125	812.5568237304688
658.271484375	864.3228759765625
659.4833984375	858.3407592773438
660.6953125	829.6537475585938
661.9072265625	823.66015625
663.1181640625	790.8211059570312
664.3291015625	772.4232177734375
665.5390625	741.6216430664062
666.7490234375	712.8714599609375
667.958984375	719.2427978515625
669.1689453125	669.8003540039062
670.3779296875	692.7064819335938
671.5869140625	665.9848022460938
672.7958984375	697.1758422851562
674.00390625	771.8363037109375
675.212890625	687.1607666015625
676.419921875	761.8543090820312
677.6279296875	778.6024780273438
678.8349609375	700.0811767578125
680.0419921875	735.468017578125
681.2490234375	750.1492919921875
682.455078125	706.801025390625
683.6611328125	791.971923828125
684.8671875	796.3082885742188
686.0732421875	730.123291015625
687.2783203125	763.4926147460938
688.4833984375	780.2761840820312
689.6875	765.93212890625
690.892578125	707.9811401367188
692.0966796875	716.4563598632812
693.2998046875	714.5496215820312
694.50390625	723.0302124023438
695.70703125	671.2479248046875
696.91015625	742.0819091796875
698.1123046875	781.7620849609375
699.3154296875	756.991943359375
700.517578125	767.5723876953125
701.71875	784.3995971679688
702.9208984375	801.2346801757812
704.1220703125	830.5673828125
705.3232421875	809.9430541992188
706.5234375	830.9610595703125
707.7236328125	787.4127197265625
708.923828125	762.5960083007812
710.1240234375	737.7674560546875
711.3232421875	702.5040893554688
712.5224609375	744.3717651367188
713.7216796875	761.2322387695312
714.9208984375	753.0679321289062
716.119140625	765.7651977539062
717.3173828125	690.8123779296875
718.5146484375	699.3256225585938
719.712890625	705.7547607421875
720.91015625	739.337646484375
722.107421875	718.621826171875
723.3037109375	758.491943359375
724.5	716.8706665039062
725.6962890625	783.9354248046875
726.892578125	834.3037109375
728.087890625	872.1467895507812
729.283203125	874.4440307617188
730.478515625	883.0195922851562
731.6728515625	826.7174682617188
732.8671875	801.7904663085938
734.0615234375	795.6970825195312
735.255859375	810.5451049804688
736.44921875	775.1217651367188
737.642578125	825.59375
738.8359375	777.5816650390625
740.0283203125	788.24609375
741.220703125	759.0745239257812
742.4130859375	738.2786865234375
743.60546875	744.745361328125
744.796875	742.821533203125
745.98828125	759.786376953125
747.1796875	730.5734252929688
748.3701171875	722.3450927734375
749.560546875	712.0125122070312
750.7509765625	691.1708374023438
751.94140625	758.5745849609375
753.130859375	737.7338256835938
754.3203125	712.6787109375
755.509765625	759.1065673828125
756.6982421875	727.7346801757812
757.88671875	759.461181640625
759.0751953125	730.1787719726562
760.263671875	785.07275390625
761.451171875	722.0985717773438
762.638671875	753.85302734375
763.826171875	726.6478271484375
765.0126953125	787.9119262695312
766.19921875	792.3099365234375
767.3857421875	822.0022583007812
768.572265625	828.5182495117188
769.7578125	790.7548217773438
770.943359375	752.9738159179688
772.12890625	795.3421630859375
773.3134765625	734.332763671875
774.4990234375	745.0567016601562
775.6826171875	726.2296142578125
776.8671875	715.8402709960938
778.05078125	682.2127075195312
779.234375	741.5240478515625
780.41796875	695.2081298828125
781.6015625	727.0731811523438
782.7841796875	689.1885375976562
783.966796875	759.1290283203125
785.1494140625	763.53515625
786.3310546875	801.7919921875
787.5126953125	804.0938110351562
788.6943359375	706.9198608398438
789.875	728.2537231445312
791.056640625	745.3624267578125
792.2373046875	749.7709350585938
793.4169921875	752.0628662109375
794.59765625	798.8543701171875
795.77734375	779.9638671875
796.95703125	782.26416015625
798.1357421875	788.8062744140625
799.314453125	805.9560546875
800.494140625	795.5350952148438
801.671875	755.40234375
802.8505859375	740.7199096679688
804.0283203125	800.3319702148438
805.2060546875	734.691650390625
806.3828125	766.71923828125
807.560546875	726.5331420898438
808.7373046875	750.0740356445312
809.9140625	714.1160278320312
811.08984375	741.9163818359375
812.265625	782.4874877929688
813.44140625	793.3017578125
814.6171875	793.484375
815.7919921875	789.4114379882812
816.966796875	815.1324462890625
818.1416015625	808.9336547851562
819.31640625	775.0514526367188
820.490234375	841.251953125
821.6640625	824.4033813476562
822.837890625	869.3381958007812
824.0107421875	833.30712890625
825.1845703125	750.36181640625
826.357421875	752.6663208007812
827.529296875	769.900634765625
828.7021484375	725.280517578125
829.8740234375	791.5906372070312
831.044921875	753.3573608398438
832.216796875	723.6450805664062
833.3876953125	730.2163696289062
834.55859375	734.6549682617188
835.7294921875	732.6871948242188
836.8994140625	777.7236938476562
838.0703125	722.33740234375
839.2392578125	731.0531005859375
840.4091796875	703.4254760742188
841.578125	750.6348266601562
842.7470703125	690.9131469726562
843.916015625	742.4201049804688
845.0849609375	740.4498291015625
846.2529296875	725.635498046875
847.4208984375	766.48046875
848.5888671875	706.6936645507812
849.755859375	730.4169921875
850.9228515625	743.4385986328125
852.08984375	730.7506103515625
853.2568359375	692.3352661132812
854.4228515625	662.47802734375
855.5888671875	696.9401245117188
856.7548828125	703.5338134765625
857.919921875	703.6942749023438
859.0859375	697.4169921875
860.2509765625	757.6748046875
861.4150390625	742.8193359375
862.580078125	725.8096313476562
863.744140625	723.8271484375
864.908203125	706.80517578125
866.0712890625	739.1986083984375
867.2353515625	752.2628173828125
868.3984375	741.6849365234375
869.5615234375	739.703369140625
870.7236328125	735.5700073242188
871.8857421875	772.3090209960938
873.0478515625	735.9046020507812
874.2099609375	746.8331298828125
875.3720703125	719.0171508789062
876.533203125	706.2611083984375
877.6943359375	732.2661743164062
878.8544921875	766.89990234375
880.015625	745.5269775390625
881.17578125	709.0579833984375
882.3359375	748.0211181640625
883.4951171875	748.1908569335938
884.6552734375	726.7939453125
885.814453125	778.7303466796875
886.97265625	720.6506958007812
888.1318359375	811.4553833007812
889.2900390625	759.83251953125
890.4482421875	790.2321166992188
891.6064453125	768.8152465820312
892.763671875	805.7107543945312
893.9208984375	764.8423461914062
895.078125	827.6862182617188
896.2353515625	860.2968139648438
897.3916015625	817.250732421875
898.5478515625	756.8848266601562
899.7041015625	795.9903564453125
900.859375	750.7367553710938
902.015625	796.3504028320312
903.1708984375	785.7080078125
904.3251953125	755.575927734375
905.48046875	816.379638671875
906.634765625	842.5554809570312
907.7890625	899.0732421875
908.943359375	931.7802734375
910.0966796875	1070.7054443359375
911.25	1101.2979736328125
912.4033203125	1097.209716796875
913.556640625	1088.7816162109375
914.708984375	1299.4569091796875
915.861328125	1358.3363037109375
917.013671875	1241.4434814453125
918.1650390625	1196.1356201171875
919.3173828125	1163.835205078125
920.46875	1127.176513671875
921.619140625	1110.0518798828125
922.7705078125	1038.5994873046875
923.9208984375	1051.8731689453125
925.0712890625	949.9423217773438
926.2216796875	908.8450927734375
927.37109375	893.8262939453125
928.5205078125	843.9967651367188
929.669921875	905.1073608398438
930.8193359375	879.1962280273438
931.9677734375	816.2691650390625
933.1162109375	788.1490478515625
934.2646484375	742.5946044921875
935.412109375	738.4051513671875
936.560546875	756.00048828125
937.7080078125	751.8120727539062
938.8544921875	706.2081909179688
940.001953125	730.3484497070312
941.1484375	723.9705200195312
942.294921875	680.5106201171875
943.44140625	713.3876342773438
944.5869140625	789.9213256835938
945.7333984375	744.26416015625
946.8779296875	724.7833862304688
948.0234375	748.9652709960938
949.16796875	727.2926635742188
950.3134765625	744.9321899414062
951.45703125	747.2842407226562
952.6015625	743.0806884765625
953.7451171875	736.689208984375
954.888671875	758.7193603515625
956.0322265625	747.954345703125
957.17578125	732.8094482421875
958.318359375	765.7933349609375
959.4609375	722.1953735351562
960.603515625	715.7902221679688
961.7451171875	691.866455078125
962.8876953125	718.3005981445312
964.029296875	709.6996459960938
965.169921875	747.1040649414062
966.3115234375	672.76318359375
967.4521484375	692.6408081054688
968.5927734375	708.1423950195312
969.7333984375	677.6004028320312
970.873046875	679.9452514648438
972.0126953125	699.8419799804688
973.15234375	699.9983520507812
974.2919921875	711.1289672851562
975.4306640625	731.0458374023438
976.5693359375	707.0550537109375
977.7080078125	694.0350952148438
978.8466796875	687.599609375
979.984375	707.52880859375
981.1220703125	676.917724609375
982.259765625	692.4567260742188
983.396484375	646.4371337890625
984.5341796875	631.1865844726562
985.6708984375	714.9177856445312
986.8076171875	673.272705078125
987.943359375	695.4301147460938
989.0791015625	713.1948852539062
990.21484375	711.1521606445312
991.3505859375	667.2666625976562
992.4853515625	709.2664794921875
993.62109375	722.6436157226562
994.755859375	705.1752319335938
995.8896484375	769.2530517578125
997.0244140625	734.14990234375
998.158203125	822.5191650390625
999.2919921875	785.2064819335938
1000.42578125	805.2364501953125
1001.55859375	831.8950805664062
1002.69140625	827.6659545898438
1003.82421875	772.6600952148438
1004.95703125	797.1210327148438
1006.0888671875	766.378173828125
1007.220703125	784.22119140625
1008.3525390625	713.6895141601562
1009.484375	705.0079345703125
1010.615234375	753.7966918945312
1011.74609375	718.587646484375
1012.876953125	729.8049926757812
1014.0068359375	763.1474609375
1015.1376953125	763.3170166015625
1016.267578125	725.865478515625
1017.3974609375	708.3187255859375
1018.5263671875	699.6201171875
1019.6552734375	726.3491821289062
1020.7841796875	713.2205810546875
1021.9130859375	717.8098754882812
1023.0419921875	682.513916015625
1024.169921875	720.3449096679688
1025.2978515625	722.7216796875
1026.42578125	784.9700317382812
1027.552734375	714.170654296875
1028.6796875	745.3868408203125
1029.806640625	725.5819702148438
1030.93359375	794.544189453125
1032.060546875	763.641845703125
1033.1865234375	708.3016357421875
1034.3125	719.5629272460938
1035.4375	735.27197265625
1036.5634765625	728.769287109375
1037.6884765625	735.5977783203125
1038.8134765625	717.9779663085938
1039.9384765625	758.1570434570312
1041.0625	738.3104858398438
1042.1865234375	731.8009643554688
1043.310546875	716.3892822265625
1044.4345703125	787.7576293945312
1045.5576171875	765.6740112304688
1046.6806640625	765.8434448242188
1047.8037109375	806.094970703125
1048.9267578125	743.9096069335938
1050.048828125	764.1240844726562
1051.1708984375	766.5213012695312
1052.29296875	748.86083984375
1053.4150390625	737.8801879882812
1054.5361328125	742.5028076171875
1055.6572265625	715.9041748046875
1056.7783203125	736.138916015625
1057.8994140625	698.3709106445312
1059.01953125	705.2203369140625
1060.1396484375	676.3575439453125
1061.259765625	705.531982421875
1062.3798828125	649.8580932617188
1063.4990234375	723.713134765625
1064.6181640625	688.1261596679688
1065.7373046875	697.2167358398438
1066.8564453125	697.3706665039062
1067.974609375	704.2315673828125
1069.0927734375	706.6231689453125
1070.2109375	682.176025390625
1071.328125	697.9865112304688
1072.4462890625	729.4673461914062
1073.5634765625	720.67578125
1074.6806640625	732.02783203125
1075.796875	788.1670532226562
1076.9140625	772.6636352539062
1078.0302734375	804.1953735351562
1079.1455078125	773.00439453125
1080.26171875	775.4158935546875
1081.376953125	773.34521484375
1082.4921875	724.1900024414062
1083.607421875	760.230712890625
1084.72265625	737.9675903320312
1085.8369140625	765.0528564453125
1086.951171875	756.2451782226562
1088.0654296875	751.9226684570312
1089.1787109375	738.6179809570312
1090.29296875	774.7091674804688
1091.40625	768.1416625976562
1092.5185546875	786.282958984375
1093.6318359375	826.90234375
1094.744140625	887.7672119140625
1095.8564453125	807.0343017578125
1096.96875	811.7089233398438
1098.0810546875	841.1244506835938
1099.1923828125	854.8064575195312
1100.3037109375	825.7446899414062
1101.4150390625	843.9301147460938
1102.525390625	859.87255859375
1103.63671875	803.77490234375
1104.7470703125	711.6210327148438
1105.8564453125	774.8463745117188
1106.966796875	754.7401123046875
1108.076171875	768.4266967773438
1109.185546875	676.1837768554688
1110.294921875	701.1312255859375
1111.404296875	728.3445434570312
1112.5126953125	773.6131591796875
1113.62109375	735.432373046875
1114.7294921875	755.9016723632812
1115.8369140625	692.8739624023438
1116.9453125	688.5112915039062
1118.052734375	706.7257690429688
1119.1591796875	761.0826416015625
1120.2666015625	702.518310546875
1121.373046875	756.8980102539062
1122.4794921875	707.3464965820312
1123.5859375	723.324462890625
1124.6923828125	669.221923828125
1125.7978515625	737.210205078125
1126.9033203125	726.0625610351562
1128.0087890625	712.6475830078125
1129.11328125	753.5355224609375
1130.21875	728.8037719726562
1131.3232421875	735.7551879882812
1132.4267578125	715.5372924804688
1133.53125	763.256103515625
1134.634765625	704.5242919921875
1135.73828125	693.3494873046875
1136.841796875	713.8984985351562
1137.9453125	741.257080078125
1139.0478515625	716.478759765625
1140.150390625	777.8673095703125
1141.2529296875	809.7943115234375
1142.35546875	741.9068603515625
1143.45703125	751.1466674804688
1144.55859375	755.850830078125
1145.66015625	780.9898681640625
1146.76171875	762.9943237304688
1147.8623046875	842.6573486328125
1148.962890625	888.278076171875
1150.0634765625	877.1109619140625
1151.1630859375	872.75732421875
1152.263671875	877.4949340820312
1153.36328125	916.341552734375
1154.462890625	864.233154296875
1155.5615234375	896.2694091796875
1156.6611328125	837.307861328125
1157.759765625	864.8004760742188
1158.8583984375	787.5958251953125
1159.9560546875	808.2590942382812
1161.0546875	774.276611328125
1162.15234375	697.0012817382812
1163.25	742.7192993164062
1164.34765625	767.9481811523438
1165.4443359375	763.5574951171875
1166.541015625	754.6052856445312
1167.6376953125	802.6559448242188
1168.734375	846.1659545898438
1169.830078125	796.1629028320312
1170.92578125	794.0550537109375
1172.021484375	801.0753173828125
1173.1171875	808.0986328125
1174.2119140625	790.0089721679688
1175.3076171875	797.0327758789062
1176.40234375	833.7550048828125
1177.49609375	806.5199584960938
1178.5908203125	820.4075317382812
1179.6845703125	829.7296752929688
1180.7783203125	818.4794921875
1181.8720703125	820.9448852539062
1182.96484375	926.3377075195312
1184.0576171875	903.6622924804688
1185.150390625	940.4714965820312
1186.2431640625	954.4091796875
1187.3359375	911.1216430664062
1188.427734375	938.79736328125
1189.51953125	920.6801147460938
1190.611328125	925.46240234375
1191.7021484375	923.3729858398438
1192.7939453125	941.9082641601562
1193.884765625	1015.4655151367188
1194.974609375	923.97705078125
1196.0654296875	1006.7352905273438
1197.1552734375	908.3236083984375
1198.2451171875	897.0503540039062
1199.3349609375	885.7720947265625
1200.4248046875	851.536376953125
1201.513671875	842.5389404296875
1202.6025390625	812.8712768554688
1203.69140625	824.5320434570312
1204.7802734375	815.5226440429688
1205.8681640625	806.50927734375
1206.9560546875	868.7376098632812
1208.0439453125	935.5904541015625
1209.1318359375	878.3129272460938
1210.21875	873.9046630859375
1211.3056640625	885.5961303710938
1212.392578125	915.6986083984375
1213.4794921875	869.8729248046875
1214.5654296875	911.4937133789062
1215.65234375	851.83349609375
1216.73828125	865.8353271484375
1217.8232421875	914.39208984375
1218.9091796875	847.7820434570312
1219.994140625	834.1409301757812
1221.0791015625	838.9318237304688
1222.1640625	869.0826416015625
1223.248046875	926.9156494140625
1224.33203125	904.0545654296875
1225.416015625	862.7293701171875
1226.5	892.911376953125
1227.583984375	888.4899291992188
1228.6669921875	932.5401000976562
1229.75	935.051513671875
1230.8330078125	893.6878662109375
1231.916015625	912.3602294921875
1232.998046875	854.8015747070312
1234.080078125	935.8644409179688
1235.162109375	931.4451904296875
1236.2431640625	987.1301879882812
1237.3251953125	968.8463134765625
1238.40625	1043.0657958984375
1239.4873046875	1040.97900390625
1240.5673828125	1027.322265625
1241.6484375	1027.5452880859375
1242.728515625	1124.98974609375
1243.80859375	1085.8739013671875
1244.888671875	1072.2147216796875
1245.9677734375	1042.3355712890625
1247.046875	1105.1153564453125
1248.1259765625	1103.037841796875
1249.205078125	1200.6251220703125
1250.2841796875	1219.43212890625
1251.3623046875	1161.7261962890625
1252.4404296875	1178.21337890625
1253.5185546875	1213.2662353515625
1254.595703125	1192.646484375
1255.6728515625	1111.676025390625
1256.75	1077.09716796875
1257.8271484375	982.135498046875
1258.904296875	991.6376953125
1259.98046875	973.2698974609375
1261.056640625	929.3373413085938
1262.1328125	883.061767578125
1263.208984375	950.6593017578125
1264.2841796875	867.1705322265625
1265.359375	930.1430053710938
1266.4345703125	860.5686645507812
1267.509765625	884.0187377929688
1268.583984375	860.9414672851562
1269.6591796875	884.4016723632812
1270.732421875	882.2652587890625
1271.806640625	873.1427612304688
1272.880859375	847.7140502929688
1273.9541015625	833.9212036132812
1275.02734375	894.678955078125
1276.1005859375	836.6126708984375
1277.1728515625	848.4481811523438
1278.2451171875	857.9573974609375
1279.318359375	832.4920654296875
1280.3896484375	839.6693725585938
1281.4619140625	844.516845703125
1282.533203125	781.6970825195312
1283.6044921875	777.1983032226562
1284.67578125	803.0451049804688
1285.7470703125	831.238037109375
1286.8173828125	810.3988037109375
1287.8876953125	873.6445922851562
1288.9580078125	852.8053588867188
1290.0283203125	848.3157958984375
1291.09765625	871.873779296875
1292.16796875	867.38623046875
1293.2373046875	888.6199340820312
1294.3056640625	973.01513671875
1295.375	931.1146850585938
1296.443359375	854.0961303710938
1297.51171875	901.0905151367188
1298.580078125	840.4191284179688
1299.6474609375	887.4307250976562
1300.7158203125	915.7265014648438
1301.783203125	920.6092529296875
1302.8505859375	902.0638427734375
1303.9169921875	939.7550048828125
1304.984375	916.5175170898438
1306.05078125	933.1271362304688
1307.1171875	907.532958984375
1308.1826171875	973.404296875
1309.2490234375	886.8101196289062
1310.314453125	865.8823852539062
1311.3798828125	905.9693603515625
1312.4453125	955.4639282226562
1313.509765625	929.841064453125
1314.57421875	960.5732421875
1315.638671875	890.3074951171875
1316.703125	925.7434692382812
1317.767578125	951.7942504882812
1318.8310546875	944.9475708007812
1319.89453125	914.586669921875
1320.9580078125	893.6190795898438
1322.021484375	889.107421875
1323.083984375	884.5936889648438
1324.146484375	884.7843017578125
1325.208984375	882.6212158203125
1326.271484375	871.04052734375
1327.3330078125	868.8734741210938
1328.39453125	876.1260986328125
1329.4560546875	946.9853515625
1330.517578125	970.7511596679688
1331.578125	1011.0240478515625
1332.6396484375	997.0984497070312
1333.7001953125	971.378173828125
1334.7607421875	1054.125
1335.8203125	1134.5487060546875
1336.8798828125	1125.3558349609375
1337.9404296875	1106.719970703125
1338.9990234375	1069.194091796875
1340.05859375	1088.3101806640625
1341.1171875	1067.2928466796875
1342.1767578125	973.0513305664062
1343.2353515625	933.1017456054688
1344.29296875	909.6744995117188
1345.3515625	919.3232421875
1346.4091796875	893.5189819335938
1347.466796875	955.1832275390625
1348.5244140625	943.5643920898438
1349.5810546875	936.6712036132812
1350.638671875	920.3115844726562
1351.6953125	908.6775512695312
1352.7509765625	944.3756103515625
1353.8076171875	920.90478515625
1354.86328125	970.8279418945312
1355.919921875	899.9849853515625
1356.974609375	864.6448974609375
1358.0302734375	860.0917358398438
1359.0859375	836.5772705078125
1360.140625	839.1272583007812
1361.1953125	889.0968017578125
1362.2490234375	844.2303466796875
1363.3037109375	856.271240234375
1364.357421875	873.0621337890625
1365.4111328125	847.1468505859375
1366.46484375	901.9183959960938
1367.5185546875	949.5913696289062
1368.5712890625	916.5521850585938
1369.6240234375	921.4987182617188
1370.6767578125	912.1942749023438
1371.7294921875	886.253662109375
1372.78125	855.548828125
1373.8330078125	881.8795776367188
1374.884765625	874.9359741210938
1375.9365234375	860.8551025390625
1376.98828125	903.8536987304688
1378.0390625	896.9100952148438
1379.08984375	878.0655517578125
1380.140625	930.6156616210938
1381.1904296875	930.81494140625
1382.2412109375	954.8253173828125
1383.291015625	966.9378662109375
1384.3408203125	840.8919677734375
1385.3896484375	864.8983764648438
1386.439453125	855.5509033203125
1387.48828125	867.6522827148438
1388.537109375	836.8436889648438
1389.5859375	813.1759643554688
1390.6337890625	768.03125
1391.6826171875	887.4805908203125
1392.73046875	816.0840454101562
1393.7783203125	847.2859497070312
1394.8251953125	847.4671020507812
1395.8720703125	785.5670166015625
1396.919921875	797.6761474609375
1397.966796875	848.0106811523438
1399.0126953125	778.9030151367188
1400.0595703125	822.0855102539062
1401.10546875	829.4320678710938
1402.1513671875	836.7816162109375
1403.197265625	832.177734375
1404.2421875	916.0693969726562
1405.2880859375	887.5569458007812
1406.3330078125	997.8174438476562
1407.376953125	976.490234375
1408.421875	1024.5760498046875
1409.466796875	1082.2598876953125
1410.5107421875	1113.6243896484375
1411.5546875	1087.5125732421875
1412.59765625	1056.5977783203125
1413.6416015625	1056.8231201171875
1414.6845703125	1064.2393798828125
1415.7275390625	1050.0816650390625
1416.7705078125	1059.8973388671875
1417.8125	1076.91259765625
1418.85546875	1038.758544921875
1419.8974609375	1103.7662353515625
1420.939453125	1128.00146484375
1421.9814453125	1113.8387451171875
1423.0224609375	1066.0555419921875
1424.0634765625	1063.881103515625
1425.1044921875	924.7888793945312
1426.1455078125	939.4011840820312
1427.185546875	891.5397338867188
1428.2265625	879.711669921875
1429.2666015625	759.6941528320312
1430.306640625	786.3065185546875
1431.345703125	798.4994506835938
1432.3857421875	784.235595703125
1433.4248046875	808.4638671875
1434.4638671875	760.5028076171875
1435.5029296875	796.7720336914062
1436.541015625	801.7568359375
1437.5791015625	850.0911254882812
1438.6171875	785.2369384765625
1439.6552734375	787.8130493164062
1440.693359375	831.3555908203125
1441.73046875	814.6605834960938
1442.767578125	783.493896484375
1443.8046875	788.48291015625
1444.841796875	817.5916748046875
1445.8779296875	791.2301635742188
1446.9140625	817.9390258789062
1447.9501953125	762.6065063476562
1448.986328125	794.1481323242188
1450.0224609375	784.6593627929688
1451.0576171875	808.974365234375
1452.0927734375	828.4689331054688
1453.1279296875	840.7240600585938
1454.1630859375	797.407470703125
1455.197265625	770.99072265625
1456.2314453125	742.145263671875
1457.265625	814.84033203125
1458.2998046875	800.5025024414062
1459.333984375	781.320556640625
1460.3671875	798.4224243164062
1461.400390625	817.9513549804688
1462.43359375	781.8173828125
1463.466796875	794.0880126953125
1464.4990234375	806.36376953125
1465.53125	794.4243774414062
1466.5634765625	799.4376831054688
1467.595703125	860.1832275390625
1468.626953125	790.0819091796875
1469.6591796875	787.8250732421875
1470.6904296875	775.8688354492188
1471.7216796875	766.3325805664062
1472.751953125	715.5567016601562
1473.783203125	730.2648315429688
1474.8134765625	718.2860717773438
1475.84375	766.9810180664062
1476.8740234375	689.457763671875
1477.9033203125	735.7389526367188
1478.9326171875	803.8978881835938
1479.9619140625	733.6207275390625
1480.9912109375	755.6431884765625
1482.0205078125	792.2562866210938
1483.048828125	782.7006225585938
1484.0771484375	758.5532836914062
1485.10546875	804.9171142578125
1486.1337890625	790.4932861328125
1487.162109375	836.88330078125
1488.189453125	888.1594848632812
1489.216796875	898.0821533203125
1490.244140625	876.362548828125
1491.2705078125	830.28515625
1492.2978515625	859.6846313476562
1493.32421875	794.0971069335938
1494.3505859375	801.5736694335938
1495.376953125	796.8687744140625
1496.40234375	770.2250366210938
1497.4287109375	780.1390380859375
1498.4541015625	746.1651000976562
1499.478515625	734.12744140625
1500.50390625	768.4346313476562
1501.5283203125	719.796630859375
1502.5537109375	739.47216796875
1503.578125	795.7711791992188
1504.6015625	786.1724853515625
1505.6259765625	769.2435302734375
1506.6494140625	771.847900390625
1507.6728515625	803.7701416015625
1508.6962890625	811.2698974609375
1509.7197265625	889.6515502929688
1510.7421875	826.2786254882812
1511.7646484375	914.4767456054688
1512.787109375	892.6581420898438
1513.8095703125	983.353271484375
1514.83203125	998.2398071289062
1515.853515625	1003.34375
1516.875	1069.64208984375
1517.896484375	1018.4542846679688
1518.91796875	999.0781860351562
1519.9384765625	960.10009765625
1520.958984375	948.052734375
1521.9794921875	852.6913452148438
1523.0	828.3623657226562
1524.0205078125	801.5718383789062
1525.0400390625	767.4146118164062
1526.0595703125	755.3138427734375
1527.0791015625	728.490966796875
1528.0986328125	760.5370483398438
1529.1171875	721.4345703125
1530.13671875	701.95068359375
1531.1552734375	694.7329711914062
1532.1728515625	716.9769897460938
1533.19140625	761.33349609375
1534.208984375	783.6006469726562
1535.2265625	761.6520385742188
1536.244140625	774.0986328125
1537.26171875	757.0546875
1538.279296875	727.711181640625
1539.2958984375	767.2072143554688
1540.3125	710.7987670898438
1541.3291015625	715.8673706054688
1542.345703125	720.9379272460938
1543.361328125	753.0822143554688
1544.376953125	733.546875
1545.392578125	773.0933227539062
1546.408203125	765.8668823242188
1547.4228515625	795.583984375
1548.4384765625	805.6044311523438
1549.453125	884.6248168945312
1550.4677734375	845.3748779296875
1551.482421875	894.8544311523438
1552.49609375	855.590087890625
1553.509765625	860.7007446289062
1554.5234375	897.8806762695312
1555.537109375	912.8709716796875
1556.55078125	856.30322265625
1557.5634765625	895.9734497070312
1558.576171875	881.347412109375
1559.5888671875	933.3855590820312
1560.6015625	857.016357421875
1561.6142578125	874.4867553710938
1562.6259765625	882.0810546875
1563.6376953125	822.9525756835938
1564.6494140625	860.2012329101562
1565.66015625	805.9882202148438
1566.671875	791.3184204101562
1567.6826171875	902.7850952148438
1568.693359375	890.6030883789062
1569.7041015625	903.1600341796875
1570.71484375	935.5215454101562
1571.724609375	893.6332397460938
1572.734375	935.9098510742188
1573.744140625	906.3864135742188
1574.75390625	941.2520751953125
1575.7626953125	862.16748046875
1576.7724609375	857.3901977539062
1577.78125	902.1812133789062
1578.7900390625	837.9132690429688
1579.7978515625	880.2391357421875
1580.806640625	830.8202514648438
1581.814453125	766.497314453125
1582.822265625	811.3155517578125
1583.830078125	729.5906372070312
1584.8369140625	680.0992431640625
1585.8447265625	749.7534790039062
1586.8515625	725.0771484375
1587.8583984375	735.16162109375
1588.865234375	695.56689453125
1589.87109375	690.7412719726562
1590.876953125	695.8543701171875
1591.8828125	703.4552001953125
1592.888671875	703.6004028320312
1593.89453125	703.7456665039062
1594.900390625	686.4801635742188
1595.9052734375	699.0606079101562
1596.91015625	736.5288696289062
1597.9150390625	704.3265380859375
1598.9189453125	701.982421875
1599.923828125	687.188232421875
1600.927734375	707.25244140625
1601.931640625	714.87060546875
1602.935546875	705.0524291992188
1603.9384765625	680.2789306640625
1604.94140625	712.8198852539062
1605.9453125	695.5162963867188
1606.9482421875	715.6066284179688
1607.9501953125	663.3815307617188
1608.953125	693.4511108398438
1609.955078125	686.1088256835938
1610.95703125	658.7998046875
1611.958984375	646.455322265625
1612.9609375	641.5950927734375
1613.9619140625	651.71484375
1614.962890625	656.8436279296875
1615.9638671875	614.5120849609375
1616.96484375	582.1572875976562
1617.9658203125	587.2747802734375
1618.9658203125	572.3978881835938
1619.9658203125	600.0159301757812
1620.9658203125	615.1423950195312
1621.9658203125	580.2531127929688
1622.9658203125	555.3558959960938
1623.96484375	572.9844360351562
1624.9638671875	563.0911865234375
1625.962890625	558.2001342773438
1626.9619140625	568.3289794921875
1627.9599609375	593.48681640625
1628.958984375	513.4585571289062
1629.95703125	543.625732421875
1630.9541015625	563.7824096679688
1631.9521484375	576.4286499023438
1632.9501953125	564.0127563476562
1633.947265625	556.606201171875
1634.9443359375	564.2430419921875
1635.94140625	581.9159545898438
1636.9375	566.9819946289062
1637.9345703125	554.5512084960938
1638.9306640625	562.1936645507812
1639.9267578125	554.7772827148438
1640.9228515625	527.2713623046875
1641.91796875	509.7994384765625
1642.9140625	550.0926513671875
1643.9091796875	552.7169799804688
1644.904296875	530.2136840820312
1645.8994140625	522.7814331054688
1646.8935546875	548.0265502929688
1647.888671875	598.4258422851562
1648.8828125	570.8834838867188
1649.876953125	563.4532470703125
1650.8701171875	571.115478515625
1651.8642578125	530.9683837890625
1652.857421875	561.279541015625
1653.8505859375	551.3236083984375
1654.84375	518.7018432617188
1655.8369140625	556.584228515625
1656.8291015625	541.5830688476562
1657.822265625	524.0563354492188
1658.814453125	498.9623718261719
1659.806640625	526.7891235351562
1660.7978515625	544.5430297851562
1661.7900390625	519.4378051757812
1662.78125	524.5869750976562
1663.7724609375	514.6028442382812
1664.763671875	512.1837768554688
1665.7548828125	507.2401428222656
1666.7451171875	509.8667297363281
1667.7353515625	545.3141479492188
1668.7255859375	515.1229248046875
1669.7158203125	535.4318237304688
1670.7060546875	492.59564208984375
1671.6953125	517.96142578125
1672.6845703125	520.593017578125
1673.673828125	492.8936767578125
1674.6630859375	472.76763916015625
1675.65234375	457.6907958984375
1676.640625	513.425048828125
1677.62890625	528.7066040039062
1678.6171875	516.1619262695312
1679.60546875	531.4500732421875
1680.59375	498.6510314941406
1681.5810546875	523.9632568359375
