552.93359375	910.9301147460938
554.171875	937.4218139648438
555.4091796875	953.8225708007812
556.646484375	958.1033935546875
557.8828125	905.7752685546875
559.119140625	962.6263427734375
560.35546875	916.3413696289062
561.591796875	959.0597534179688
562.8271484375	904.6550903320312
564.0625	975.7322998046875
565.2978515625	992.1739501953125
566.5322265625	949.8884887695312
567.7666015625	944.047119140625
569.0009765625	897.675537109375
570.234375	940.4625854492188
571.4677734375	956.9149780273438
572.701171875	965.263916015625
573.93359375	955.3615112304688
575.166015625	890.6744995117188
576.3984375	931.4827270507812
577.6298828125	943.8927001953125
578.8623046875	909.6099853515625
580.0927734375	922.0203247070312
581.32421875	920.217041015625
582.5546875	957.0184936523438
583.78515625	900.3480834960938
585.015625	904.63623046875
586.2451171875	933.3270874023438
587.474609375	915.2523193359375
588.7041015625	972.441162109375
589.9326171875	901.45947265625
591.1611328125	930.1771850585938
592.3896484375	969.0884399414062
593.6171875	985.6182250976562
594.8447265625	916.6060791015625
596.072265625	908.681884765625
597.2998046875	959.8529052734375
598.5263671875	939.7047119140625
599.7529296875	978.6747436523438
600.978515625	952.4027099609375
602.205078125	948.556640625
603.4306640625	936.546875
604.6552734375	910.2446899414062
605.880859375	918.6333618164062
607.10546875	937.2355346679688
608.3291015625	914.99853515625
609.5537109375	951.9948120117188
610.77734375	933.8370361328125
612.0009765625	972.8995971679688
613.2236328125	973.1373901367188
614.4462890625	981.5547485351562
615.6689453125	920.4322509765625
616.8916015625	934.9782104492188
618.11328125	955.6703491210938
619.3349609375	937.4813232421875
620.556640625	880.382568359375
621.77734375	919.5072021484375
622.998046875	921.779541015625
624.21875	950.6884765625
625.4384765625	946.821044921875
626.6591796875	883.5045776367188
627.8779296875	951.3823852539062
629.09765625	900.3412475585938
630.31640625	933.3822021484375
631.53515625	890.5192260742188
632.75390625	935.8878173828125
633.9716796875	956.6436767578125
635.189453125	928.1283569335938
636.4072265625	940.6765747070312
637.6240234375	957.3395385742188
638.8408203125	918.5287475585938
640.0576171875	916.6957397460938
641.2744140625	923.085205078125
642.490234375	933.5902709960938
643.7060546875	974.9533081054688
644.9208984375	897.0092163085938
646.13671875	1004.2344970703125
647.3515625	856.2754516601562
648.56640625	957.3659057617188
649.7802734375	974.0716552734375
650.994140625	926.93017578125
652.2080078125	931.2742919921875
653.4208984375	892.3428344726562
654.634765625	939.9684448242188
655.8466796875	925.761962890625
657.0595703125	907.423828125
658.271484375	893.202392578125
659.4833984375	932.6203002929688
660.6953125	908.0786743164062
661.9072265625	933.0686645507812
663.1181640625	891.9966430664062
664.3291015625	931.4515380859375
665.5390625	888.2933349609375
666.7490234375	940.163818359375
667.958984375	901.1203002929688
669.1689453125	930.2783203125
670.3779296875	957.3823852539062
671.5869140625	988.6358642578125
672.7958984375	910.25927734375
674.00390625	960.1395263671875
675.212890625	966.5785522460938
676.419921875	941.9666137695312
677.6279296875	917.3428344726562
678.8349609375	938.2745361328125
680.0419921875	992.3638916015625
681.2490234375	911.78369140625
682.455078125	912.0013427734375
683.6611328125	903.9260864257812
684.8671875	937.3211669921875
686.0732421875	981.1031494140625
687.2783203125	970.9634399414062
688.4833984375	937.9915771484375
689.6875	936.1392822265625
690.892578125	1002.8002319335938
692.0966796875	926.2015380859375
693.2998046875	934.7305908203125
694.50390625	953.6519165039062
695.70703125	962.1912841796875
696.91015625	935.3973388671875
698.1123046875	908.5905151367188
699.3154296875	927.5231323242188
700.517578125	900.701416015625
701.71875	894.6732788085938
702.9208984375	907.3722534179688
704.1220703125	930.4852294921875
705.3232421875	907.802490234375
706.5234375	951.7523803710938
707.7236328125	883.2354125976562
708.923828125	916.7821044921875
710.1240234375	950.344482421875
711.3232421875	871.355224609375
712.5224609375	923.6881713867188
713.7216796875	946.8477783203125
714.9208984375	922.0388793945312
716.119140625	911.8239135742188
717.3173828125	897.429931640625
718.5146484375	949.830322265625
719.712890625	943.7904052734375
720.91015625	908.5081176757812
722.107421875	950.5027465820312
723.3037109375	921.4736938476562
724.5	919.6008911132812
725.6962890625	921.9080200195312
726.892578125	940.9440307617188
728.087890625	939.0740966796875
729.283203125	874.4440307617188
730.478515625	891.3894653320312
731.6728515625	933.4581909179688
732.8671875	969.2662963867188
734.0615234375	973.6820068359375
735.255859375	927.833251953125
736.44921875	888.2476196289062
737.642578125	915.6965942382812
738.8359375	911.7197265625
740.0283203125	928.704833984375
741.220703125	853.4346313476562
742.4130859375	916.5562133789062
743.60546875	908.3795776367188
744.796875	916.9859008789062
745.98828125	982.2653198242188
747.1796875	911.117431640625
748.3701171875	953.3275756835938
749.560546875	978.754638671875
750.7509765625	924.3622436523438
751.94140625	899.3626098632812
753.130859375	926.8963623046875
754.3203125	941.8291015625
755.509765625	939.9463500976562
756.6982421875	929.6495361328125
757.88671875	877.2723388671875
759.0751953125	925.8751220703125
760.263671875	879.78662109375
761.451171875	964.2015991210938
762.638671875	892.8314819335938
763.826171875	842.490234375
765.0126953125	903.7813720703125
766.19921875	895.5631103515625
767.3857421875	889.4486083984375
768.572265625	933.9276733398438
769.7578125	885.6454467773438
770.943359375	858.4323120117188
772.12890625	919.8121948242188
773.3134765625	905.2550048828125
774.4990234375	918.1293334960938
775.6826171875	916.2315673828125
776.8671875	842.5376586914062
778.05078125	865.9666137695312
779.234375	880.9559326171875
780.41796875	912.8568115234375
781.6015625	927.86376953125
782.7841796875	909.0523681640625
783.966796875	921.9505615234375
785.1494140625	888.323486328125
786.3310546875	918.1470336914062
787.5126953125	914.127685546875
788.6943359375	922.8055419921875
789.875	855.2747192382812
791.056640625	889.3528442382812
792.2373046875	859.90673828125
793.4169921875	874.9351196289062
794.59765625	928.1119384765625
795.77734375	921.9682006835938
796.95703125	937.02099609375
798.1357421875	894.82861328125
799.314453125	897.1563110351562
800.494140625	865.5421752929688
801.671875	929.3995361328125
802.8505859375	948.7157592773438
804.0283203125	921.3370361328125
805.2060546875	853.6012573242188
806.3828125	904.7711791992188
807.560546875	928.3478393554688
808.7373046875	900.9387817382812
809.9140625	901.1464233398438
811.08984375	973.6324462890625
812.265625	931.3302001953125
813.44140625	895.3888549804688
814.6171875	938.1410522460938
815.7919921875	868.1397705078125
816.966796875	851.3132934570312
818.1416015625	923.8873901367188
819.31640625	917.7120361328125
820.490234375	883.8469848632812
821.6640625	881.919921875
822.837890625	894.9069213867188
824.0107421875	944.130615234375
825.1845703125	978.4547729492188
826.357421875	889.1270751953125
827.529296875	919.1887817382812
828.7021484375	927.9324340820312
829.8740234375	930.2789916992188
831.044921875	883.5409545898438
832.216796875	945.6482543945312
833.3876953125	877.5407104492188
834.55859375	892.6912231445312
835.7294921875	918.5291137695312
836.8994140625	914.46630859375
838.0703125	916.8128051757812
839.2392578125	893.5093383789062
840.4091796875	906.5422973632812
841.578125	945.2438354492188
842.7470703125	919.7914428710938
843.916015625	920.0018310546875
845.0849609375	909.5120849609375
846.2529296875	886.17431640625
847.4208984375	901.3638916015625
848.5888671875	933.6922607421875
849.755859375	923.1956176757812
850.9228515625	867.7021484375
852.08984375	872.1861572265625
853.2568359375	906.6805419921875
854.4228515625	924.0389404296875
855.5888671875	947.8385009765625
856.7548828125	875.12744140625
857.919921875	886.0540771484375
859.0859375	854.067626953125
860.2509765625	910.068359375
861.4150390625	897.3944702148438
862.580078125	846.0621337890625
863.744140625	970.8304443359375
864.908203125	891.5628051757812
866.0712890625	889.616943359375
867.2353515625	930.6565551757812
868.3984375	885.7222900390625
869.5615234375	931.080078125
870.7236328125	952.7998046875
871.8857421875	892.7806396484375
873.0478515625	865.0106201171875
874.2099609375	871.6640014648438
875.3720703125	923.5280151367188
876.533203125	884.9796142578125
877.6943359375	906.7178344726562
878.8544921875	883.2274169921875
880.015625	857.571533203125
881.17578125	941.8186645507812
882.3359375	914.008544921875
883.4951171875	927.1528930664062
884.6552734375	895.0133666992188
885.814453125	897.3734741210938
886.97265625	904.0498657226562
888.1318359375	893.4641723632812
889.2900390625	863.446044921875
890.4482421875	904.6646728515625
891.6064453125	952.3806762695312
892.763671875	879.153564453125
893.9208984375	896.63720703125
895.078125	883.8738403320312
896.2353515625	890.5585327148438
897.3916015625	882.1118774414062
898.5478515625	862.8486938476562
899.7041015625	860.880859375
900.859375	887.0376586914062
902.015625	932.68212890625
903.1708984375	919.906005859375
904.3251953125	883.3093872070312
905.48046875	892.1708374023438
906.634765625	918.3638305664062
907.7890625	903.4061279296875
908.943359375	890.6085815429688
910.0966796875	845.2938232421875
911.25	927.8651733398438
912.4033203125	871.6962280273438
913.556640625	928.2839965820312
914.708984375	906.7996215820312
915.861328125	896.15478515625
917.013671875	839.9276123046875
918.1650390625	913.9257202148438
919.3173828125	864.1910400390625
920.46875	833.9802856445312
921.619140625	873.2698364257812
922.7705078125	884.33056640625
923.9208984375	923.6489868164062
925.0712890625	884.7288818359375
926.2216796875	828.3970336914062
927.37109375	917.7486572265625
928.5205078125	957.1097412109375
929.669921875	878.9984741210938
930.8193359375	866.1388549804688
931.9677734375	890.2775268554688
933.1162109375	894.8321533203125
934.2646484375	864.5455932617188
935.412109375	886.5217895507812
936.560546875	895.435791015625
937.7080078125	941.3994750976562
938.8544921875	856.6044311523438
940.001953125	891.6791381835938
941.1484375	894.0599975585938
942.294921875	896.44189453125
943.44140625	859.5557250976562
944.5869140625	881.5697021484375
945.7333984375	892.6804809570312
946.8779296875	842.6698608398438
948.0234375	906.1824951171875
949.16796875	915.1220092773438
950.3134765625	884.7434692382812
951.45703125	843.4260864257812
952.6015625	861.0994262695312
953.7451171875	837.2461547851562
954.888671875	857.1123657226562
956.0322265625	879.1744384765625
957.17578125	864.0589599609375
958.318359375	899.2601318359375
959.4609375	888.5191650390625
960.603515625	906.2297973632812
961.7451171875	891.1065063476562
962.8876953125	893.495849609375
964.029296875	797.3168334960938
965.169921875	823.7863159179688
966.3115234375	885.330078125
967.4521484375	854.8414916992188
968.5927734375	848.4554443359375
969.7333984375	903.4672241210938
970.873046875	892.7023315429688
972.0126953125	831.4736938476562
973.15234375	893.1013793945312
974.2919921875	864.7679443359375
975.4306640625	878.1331176757812
976.5693359375	913.4624633789062
977.7080078125	878.5254516601562
978.8466796875	847.96630859375
979.984375	850.3529052734375
981.1220703125	876.9161376953125
982.259765625	885.9049682617188
983.396484375	833.332275390625
984.5341796875	859.9092407226562
985.6708984375	882.0985107421875
986.8076171875	827.289306640625
987.943359375	862.6854248046875
989.0791015625	873.8838500976562
990.21484375	845.4564819335938
991.3505859375	850.04931640625
992.4853515625	881.076416015625
993.62109375	881.272705078125
994.755859375	855.0249633789062
995.8896484375	875.0529174804688
997.0244140625	864.2244873046875
998.158203125	871.0323486328125
999.2919921875	866.8150024414062
1000.42578125	875.83251953125
1001.55859375	935.6061401367188
1002.69140625	836.494384765625
1003.82421875	860.964111328125
1004.95703125	900.9013061523438
1006.0888671875	901.1016845703125
1007.220703125	925.6019287109375
1008.3525390625	866.1494750976562
1009.484375	892.8627319335938
1010.615234375	890.8506469726562
1011.74609375	837.9837646484375
1012.876953125	897.8812866210938
1014.0068359375	900.2927856445312
1015.1376953125	893.8552856445312
1016.267578125	887.4148559570312
1017.3974609375	892.0389404296875
1018.5263671875	874.5250854492188
1019.6552734375	927.8667602539062
1020.7841796875	930.2877197265625
1021.9130859375	906.1241455078125
1023.0419921875	912.97314453125
1024.169921875	886.578369140625
1025.2978515625	939.9815673828125
1026.42578125	893.6240844726562
1027.552734375	869.4251708984375
1028.6796875	840.7786254882812
1029.806640625	885.3431396484375
1030.93359375	947.6825561523438
1032.060546875	961.2120361328125
1033.1865234375	874.8302001953125
1034.3125	926.1041870117188
1035.4375	906.3170776367188
1036.5634765625	955.3987426757812
1037.6884765625	888.93994140625
1038.8134765625	862.4627075195312
1039.9384765625	867.1004028320312
1041.0625	969.5884399414062
1042.1865234375	911.9708251953125
1043.310546875	927.7463989257812
1044.4345703125	901.2481079101562
1045.5576171875	945.9635009765625
1046.6806640625	915.0048217773438
1047.8037109375	906.3001098632812
1048.9267578125	942.1370239257812
1050.048828125	915.6121826171875
1051.1708984375	904.6734008789062
1052.29296875	922.7034912109375
1053.4150390625	902.8442993164062
1054.5361328125	927.571044921875
1055.6572265625	878.7109985351562
1056.7783203125	914.5968017578125
1057.8994140625	899.180419921875
1059.01953125	885.9888305664062
1060.1396484375	924.132080078125
1061.259765625	908.7073364257812
1062.3798828125	873.177001953125
1063.4990234375	875.6035766601562
1064.6181640625	924.9487915039062
1065.7373046875	938.56103515625
1066.8564453125	900.7704467773438
1067.974609375	885.3197021484375
1069.0927734375	910.11279296875
1070.2109375	910.3135986328125
1071.328125	903.8031005859375
1072.4462890625	946.5174560546875
1073.5634765625	872.8681640625
1074.6806640625	886.492431640625
1075.796875	956.1004028320312
1076.9140625	882.404296875
1078.0302734375	938.601318359375
1079.1455078125	882.79345703125
1080.26171875	849.3717651367188
1081.376953125	903.3568725585938
1082.4921875	914.766357421875
1083.607421875	939.6361694335938
1084.72265625	948.8154907226562
1085.8369140625	915.3711547851562
1086.951171875	960.4537963867188
1088.0654296875	884.350830078125
1089.1787109375	909.2410278320312
1090.29296875	945.3697509765625
1091.40625	959.0540771484375
1092.5185546875	891.8695678710938
1093.6318359375	860.6076049804688
1094.744140625	874.2821044921875
1095.8564453125	896.95458984375
1096.96875	858.9274291992188
1098.0810546875	883.8554077148438
1099.1923828125	870.5528564453125
1100.3037109375	893.2442626953125
1101.4150390625	886.6892700195312
1102.525390625	922.8998413085938
1103.63671875	983.8925170898438
1104.7470703125	885.0223388671875
1105.8564453125	878.4595336914062
1106.966796875	883.1585693359375
1108.076171875	881.0992431640625
1109.185546875	854.2455444335938
1110.294921875	865.7054443359375
1111.404296875	908.7394409179688
1112.5126953125	852.5532836914062
1113.62109375	843.7168579101562
1114.7294921875	868.7228393554688
1115.8369140625	902.7673950195312
1116.9453125	943.59912109375
1118.052734375	880.5848388671875
1119.1591796875	876.2613525390625
1120.2666015625	903.560546875
1121.373046875	876.6460571289062
1122.4794921875	912.9967651367188
1123.5859375	865.7289428710938
1124.6923828125	874.9624633789062
1125.7978515625	879.6771850585938
1126.9033203125	891.1795654296875
1128.0087890625	846.1276245117188
1129.11328125	936.8279418945312
1130.21875	898.5562133789062
1131.3232421875	891.961669921875
1132.4267578125	892.1572265625
1133.53125	908.206787109375
1134.634765625	937.85546875
1135.73828125	854.2246704101562
1136.841796875	845.3464965820312
1137.9453125	822.8633422851562
1139.0478515625	859.321044921875
1140.150390625	893.52685546875
1141.2529296875	916.4059448242188
1142.35546875	937.026123046875
1143.45703125	860.0742797851562
1144.55859375	880.6910400390625
1145.66015625	871.8026123046875
1146.76171875	874.2643432617188
1147.8623046875	860.827880859375
1148.962890625	881.4625854492188
1150.0634765625	906.6509399414062
1151.1630859375	911.39501953125
1152.263671875	900.2279663085938
1153.36328125	927.7105102539062
1154.462890625	859.6845703125
1155.5615234375	941.7653198242188
1156.6611328125	841.8583984375
1157.759765625	869.35205078125
1158.8583984375	862.7133178710938
1159.9560546875	892.500244140625
1161.0546875	908.6363525390625
1162.15234375	917.9461669921875
1163.25	868.024658203125
1164.34765625	904.6748657226562
1165.4443359375	909.43115234375
1166.541015625	921.02880859375
1167.6376953125	896.1470947265625
1168.734375	900.9044799804688
1169.830078125	871.4447631835938
1170.92578125	864.7898559570312
1172.021484375	906.0595703125
1173.1171875	876.58154296875
1174.2119140625	883.622802734375
1175.3076171875	858.6943359375
1176.40234375	915.9884033203125
1177.49609375	881.9169921875
1178.5908203125	930.0999145507812
1179.6845703125	886.8735961914062
1180.7783203125	893.9259643554688
1181.8720703125	896.4077758789062
1182.96484375	832.560302734375
1184.0576171875	915.10107421875
1185.150390625	894.7064819335938
1186.2431640625	867.4366455078125
1187.3359375	892.8076171875
1188.427734375	867.8151245117188
1189.51953125	916.099609375
1190.611328125	923.1716918945312
1191.7021484375	868.3829956054688
1192.7939453125	850.2384033203125
1193.884765625	905.4376831054688
1194.974609375	928.5625
1196.0654296875	896.6594848632812
1197.1552734375	924.3798828125
1198.2451171875	913.1100463867188
1199.3349609375	920.1932983398438
1200.4248046875	902.0317993164062
1201.513671875	982.5794677734375
1202.6025390625	881.7586669921875
1203.69140625	923.2921752929688
1204.7802734375	854.5758666992188
1205.8681640625	870.84619140625
1206.9560546875	905.5095825195312
1208.0439453125	912.6029663085938
1209.1318359375	896.7069091796875
1210.21875	894.6023559570312
1211.3056640625	901.6978759765625
1212.392578125	927.202392578125
1213.4794921875	936.6091918945312
1214.5654296875	913.7954711914062
1215.65234375	950.8303833007812
1216.73828125	925.7069702148438
1217.8232421875	870.6302490234375
1218.9091796875	889.2496337890625
1219.994140625	891.747314453125
1221.0791015625	917.2936401367188
1222.1640625	873.6931762695312
1223.248046875	913.0811157226562
1224.33203125	957.0985717773438
1225.416015625	899.6375732421875
1226.5	959.822021484375
1227.583984375	902.3364868164062
1228.6669921875	951.0062255859375
1229.75	946.5953979492188
1230.8330078125	935.2547607421875
1231.916015625	930.83837890625
1232.998046875	942.5919799804688
1234.080078125	852.676513671875
1235.162109375	933.7564697265625
1236.2431640625	938.5828247070312
1237.3251953125	931.8497924804688
1238.40625	915.8626708984375
1239.4873046875	899.8685302734375
1240.5673828125	927.8294067382812
1241.6484375	925.716552734375
1242.728515625	935.1766357421875
1243.80859375	935.379638671875
1244.888671875	924.003662109375
1245.9677734375	891.7759399414062
1247.046875	898.9198608398438
1248.1259765625	938.5090942382812
1249.205078125	913.216796875
1250.2841796875	871.685302734375
1251.3623046875	934.4823608398438
1252.4404296875	943.9623413085938
1253.5185546875	900.0904541015625
1254.595703125	891.0043334960938
1255.6728515625	932.972412109375
1256.75	926.210693359375
1257.8271484375	963.560791015625
1258.904296875	954.4803466796875
1259.98046875	908.2304077148438
1261.056640625	887.5171508789062
1262.1328125	887.70947265625
1263.208984375	913.4696655273438
1264.2841796875	920.6421508789062
1265.359375	881.3104858398438
1266.4345703125	895.4566040039062
1267.509765625	974.7469482421875
1268.583984375	926.0938110351562
1269.6591796875	879.7468872070312
1270.732421875	970.724609375
1271.806640625	938.33740234375
1272.880859375	980.4605102539062
1273.9541015625	957.3788452148438
1275.02734375	924.9675903320312
1276.1005859375	978.7669067382812
1277.1728515625	964.9932861328125
1278.2451171875	962.8706665039062
1279.318359375	930.4322509765625
1280.3896484375	949.2929077148438
1281.4619140625	954.1640625
1282.533203125	879.7008666992188
1283.6044921875	980.2501220703125
1284.67578125	926.7700805664062
1285.7470703125	891.9464111328125
1286.8173828125	948.18994140625
1287.8876953125	925.0354614257812
1288.9580078125	939.2540893554688
1290.0283203125	850.6527099609375
1291.09765625	911.6106567382812
1292.16796875	960.9049682617188
1293.2373046875	853.5428466796875
1294.3056640625	912.2017211914062
1295.375	910.059326171875
1296.443359375	898.5559692382812
1297.51171875	929.1764526367188
1298.580078125	962.1511840820312
1299.6474609375	917.870361328125
1300.7158203125	939.1466064453125
1301.783203125	951.06201171875
1302.8505859375	909.0928955078125
1303.9169921875	897.571533203125
1304.984375	916.5175170898438
1306.05078125	909.6817016601562
1307.1171875	905.1879272460938
1308.1826171875	898.3466186523438
1309.2490234375	898.5404052734375
1310.314453125	926.89306640625
1311.3798828125	936.4812622070312
1312.4453125	920.250244140625
1313.509765625	922.7968139648438
1314.57421875	883.0697631835938
1315.638671875	958.4312744140625
1316.703125	989.1827392578125
1317.767578125	916.5426025390625
1318.8310546875	935.5451049804688
1319.89453125	923.9911499023438
1320.9580078125	933.5968017578125
1322.021484375	889.107421875
1323.083984375	870.4778442382812
1324.146484375	967.14453125
1325.208984375	927.3406982421875
1326.271484375	892.22802734375
1327.3330078125	883.00146484375
1328.39453125	899.6779174804688
1329.4560546875	937.5626220703125
1330.517578125	885.92822265625
1331.578125	850.7684936523438
1332.6396484375	869.8092651367188
1333.7001953125	947.8010864257812
1334.7607421875	851.3179931640625
1335.8203125	858.5773315429688
1336.8798828125	962.5684814453125
1337.9404296875	953.3366088867188
1338.9990234375	948.8212280273438
1340.05859375	906.5316772460938
1341.1171875	904.3653564453125
1342.1767578125	928.1776123046875
1343.2353515625	888.2183837890625
1344.29296875	935.6651611328125
1345.3515625	895.6902465820312
1346.4091796875	926.6123046875
1347.466796875	931.5401000976562
1348.5244140625	908.092041015625
1349.5810546875	962.6898193359375
1350.638671875	896.6531982421875
1351.6953125	854.2515869140625
1352.7509765625	887.571044921875
1353.8076171875	849.8838500976562
1354.86328125	918.7347412109375
1355.919921875	918.9320068359375
1356.974609375	885.9649047851562
1358.0302734375	881.4163208007812
1359.0859375	886.3453369140625
1360.140625	891.2764282226562
1361.1953125	910.4351196289062
1362.2490234375	875.0590209960938
1363.3037109375	877.6187133789062
1364.357421875	899.1590576171875
1365.4111328125	875.6223754882812
1366.46484375	911.4122314453125
1367.5185546875	892.6159057617188
1368.5712890625	854.8155517578125
1369.6240234375	890.623779296875
1370.6767578125	881.3126831054688
1371.7294921875	838.7333984375
1372.78125	874.56103515625
1373.8330078125	910.4039916992188
1374.884765625	915.3541870117188
1375.9365234375	870.3673095703125
1376.98828125	901.47509765625
1378.0390625	930.2171020507812
1379.08984375	918.5184326171875
1380.140625	833.0319213867188
1381.1904296875	852.255126953125
1382.2412109375	892.9164428710938
1383.291015625	843.0936279296875
1384.3408203125	902.8273315429688
1385.3896484375	912.5511474609375
1386.439453125	898.4475708007812
1387.48828125	877.1868896484375
1388.537109375	879.7587890625
1389.5859375	903.7937622070312
1390.6337890625	872.9796752929688
1391.6826171875	870.7807006835938
1392.73046875	873.3530883789062
1393.7783203125	897.4071044921875
1394.8251953125	914.3095703125
1395.8720703125	847.6482543945312
1396.919921875	838.2764892578125
1397.966796875	879.0645751953125
1399.0126953125	850.5811767578125
1400.0595703125	848.3731689453125
1401.10546875	879.6282348632812
1402.1513671875	853.5172729492188
1403.197265625	889.5693359375
1404.2421875	928.0285034179688
1405.2880859375	827.74853515625
1406.3330078125	851.853759765625
1407.376953125	856.8223266601562
1408.421875	845.035888671875
1409.466796875	845.2162475585938
1410.5107421875	886.1097412109375
1411.5546875	871.9263916015625
1412.59765625	850.5491943359375
1413.6416015625	891.4698486328125
1414.6845703125	860.4998168945312
1415.7275390625	879.8629150390625
1416.7705078125	853.6729736328125
1417.8125	873.0427856445312
1418.85546875	875.6278686523438
1419.8974609375	820.6261596679688
1420.939453125	909.6011962890625
1421.9814453125	873.7872924804688
1423.0224609375	861.9683227539062
1424.0634765625	821.3258056640625
1425.1044921875	821.500732421875
1426.1455078125	819.2731323242188
1427.185546875	893.9428100585938
1428.2265625	865.2901611328125
1429.2666015625	846.2415771484375
1430.306640625	856.0401611328125
1431.345703125	836.9813842773438
1432.3857421875	894.8945922851562
1433.4248046875	815.6823120117188
1434.4638671875	960.255126953125
1435.5029296875	849.7296752929688
1436.541015625	847.5027465820312
1437.5791015625	888.6221923828125
1438.6171875	862.3153686523438
1439.6552734375	857.6802368164062
1440.693359375	889.1890258789062
1441.73046875	877.3267822265625
1442.767578125	913.6744384765625
1443.8046875	880.1109008789062
1444.841796875	841.70947265625
1445.8779296875	904.607666015625
1446.9140625	856.5438232421875
1447.9501953125	859.1389770507812
1448.986328125	852.0798950195312
1450.0224609375	784.6593627929688
1451.0576171875	792.0704345703125
1452.0927734375	869.530029296875
1453.1279296875	869.7145385742188
1454.1630859375	886.813720703125
1455.197265625	908.75390625
1456.2314453125	872.6854858398438
1457.265625	860.7808837890625
1458.2998046875	870.6371459960938
1459.333984375	909.52490234375
1460.3671875	883.1035766601562
1461.400390625	849.4110717773438
1462.43359375	914.9441528320312
1463.466796875	844.9290161132812
1464.4990234375	862.0585327148438
1465.53125	908.2595825195312
1466.5634765625	850.3109741210938
1467.595703125	886.8367919921875
1468.626953125	899.142333984375
1469.6591796875	906.6048583984375
1470.6904296875	819.5114135742188
1471.7216796875	858.4864501953125
1472.751953125	824.70947265625
1473.783203125	892.8154907226562
1474.8134765625	842.0447998046875
1475.84375	890.7659301757812
1476.8740234375	854.5392456054688
1477.9033203125	835.2943725585938
1478.9326171875	859.7578735351562
1479.9619140625	821.0722045898438
1480.9912109375	872.269775390625
1482.0205078125	857.8726196289062
1483.048828125	836.1770629882812
1484.0771484375	872.822509765625
1485.10546875	824.371337890625
1486.1337890625	856.1650390625
1487.162109375	839.3161010742188
1488.189453125	861.39306640625
1489.216796875	812.8982543945312
1490.244140625	834.978759765625
1491.2705078125	852.1988525390625
1492.2978515625	823.1541137695312
1493.32421875	830.6353149414062
1494.3505859375	860.047119140625
1495.376953125	838.2962036132812
1496.40234375	838.4728393554688
1497.4287109375	819.14599609375
1498.4541015625	768.1111450195312
1499.478515625	831.6859130859375
1500.50390625	817.2241821289062
1501.5283203125	807.63623046875
1502.5537109375	824.8897705078125
1503.578125	825.0633544921875
1504.6015625	769.081787109375
1505.6259765625	805.8742065429688
1506.6494140625	857.33740234375
1507.6728515625	786.6686401367188
1508.6962890625	843.0364379882812
1509.7197265625	830.9931640625
1510.7421875	814.0555419921875
1511.7646484375	804.4461059570312
1512.787109375	794.8325805664062
1513.8095703125	814.5687255859375
1514.83203125	831.866455078125
1515.853515625	792.8862915039062
1516.875	771.0234985351562
1517.896484375	803.0120239257812
1518.91796875	768.8984375
1519.9384765625	827.8413696289062
1520.958984375	793.7185668945312
1521.9794921875	862.4923706054688
1523.0	845.517822265625
1524.0205078125	784.412841796875
1525.0400390625	850.7759399414062
1526.0595703125	794.5509033203125
1527.0791015625	814.3400268554688
1528.0986328125	812.0573120117188
1529.1171875	802.4119262695312
1530.13671875	819.7605590820312
1531.1552734375	824.8419799804688
1532.1728515625	827.4700317382812
1533.19140625	835.0109252929688
1534.208984375	854.8370361328125
1535.2265625	773.936767578125
1536.244140625	830.6201171875
1537.26171875	816.0459594726562
1538.279296875	789.1732788085938
1539.2958984375	794.2562255859375
1540.3125	863.2885131835938
1541.3291015625	843.7886352539062
1542.345703125	804.5963134765625
1543.361328125	819.5306396484375
1544.376953125	812.3170166015625
1545.392578125	787.8657836914062
1546.408203125	802.8057861328125
1547.4228515625	820.215087890625
1548.4384765625	835.1679077148438
1549.453125	837.8062133789062
1550.4677734375	833.0516357421875
1551.482421875	806.1085205078125
1552.49609375	789.0167846679688
1553.509765625	828.6402587890625
1554.5234375	801.6791381835938
1555.537109375	828.9855346679688
1556.55078125	789.6744384765625
1557.5634765625	841.6720581054688
1558.576171875	735.6905517578125
1559.5888671875	797.5755004882812
1560.6015625	829.8486938476562
1561.6142578125	844.8431396484375
1562.6259765625	820.3106689453125
1563.6376953125	820.481201171875
1564.6494140625	810.764404296875
1565.66015625	778.7922973632812
1566.671875	771.5354614257812
1567.6826171875	826.1101684570312
1568.693359375	779.2777099609375
1569.7041015625	838.8253784179688
1570.71484375	841.4744262695312
1571.724609375	779.7631225585938
1572.734375	817.0641479492188
1573.744140625	775.1337280273438
1574.75390625	775.2944946289062
1575.7626953125	834.9150390625
1576.7724609375	820.2200927734375
1577.78125	894.7456665039062
1578.7900390625	758.584228515625
1579.7978515625	803.3731689453125
1580.806640625	788.6591796875
1581.814453125	796.2642211914062
1582.822265625	846.05078125
1583.830078125	806.5202026367188
1584.8369140625	804.2049560546875
1585.8447265625	754.71875
1586.8515625	799.5713500976562
1587.8583984375	777.3837890625
1588.865234375	712.9560546875
1589.87109375	819.9446411132812
1590.876953125	797.747314453125
1591.8828125	790.4549560546875
1592.888671875	770.7283935546875
1593.89453125	803.2150268554688
1594.900390625	795.9190063476562
1595.9052734375	825.9363403320312
1596.91015625	773.8529663085938
1597.9150390625	783.9676513671875
1598.9189453125	814.0009155273438
1599.923828125	761.882568359375
1600.927734375	767.0202026367188
1601.931640625	794.5774536132812
1602.935546875	732.457275390625
1603.9384765625	769.9860229492188
1604.94140625	785.0988159179688
1605.9453125	770.302978515625
1606.9482421875	837.7833251953125
1607.9501953125	785.5834350585938
1608.953125	813.1836547851562
1609.955078125	808.3609008789062
1610.95703125	786.0679321289062
1611.958984375	763.7657470703125
1612.9609375	823.8380737304688
1613.9619140625	779.0614013671875
1614.962890625	811.6888427734375
1615.9638671875	781.8792114257812
1616.96484375	757.0543212890625
1617.9658203125	754.7105712890625
1618.9658203125	779.86083984375
1619.9658203125	730.0194091796875
1620.9658203125	750.1736450195312
1621.9658203125	760.3316650390625
1622.9658203125	752.9826049804688
1623.96484375	728.1156005859375
1624.9638671875	765.8040161132812
1625.962890625	738.4262084960938
1626.9619140625	756.1028442382812
1627.9599609375	716.1908569335938
1628.958984375	728.8606567382812
1629.95703125	771.5978393554688
1630.9541015625	756.7213134765625
1631.9521484375	764.39453125
1632.9501953125	799.6447143554688
1633.947265625	747.1560668945312
1634.9443359375	779.9092407226562
1635.94140625	742.4445190429688
1636.9375	812.8414916992188
1637.9345703125	757.8030395507812
1638.9306640625	803.1337890625
1639.9267578125	790.7459106445312
1640.9228515625	708.0501098632812
1641.91796875	753.398193359375
1642.9140625	675.6845703125
1643.9091796875	758.7296752929688
1644.904296875	761.3969116210938
1645.8994140625	741.44482421875
1646.8935546875	756.6788940429688
1647.888671875	779.4622802734375
1648.8828125	736.8672485351562
1649.876953125	777.2636108398438
1650.8701171875	714.5233154296875
1651.8642578125	780.0957641601562
1652.857421875	785.2879638671875
1653.8505859375	704.8886108398438
1654.84375	747.8370971679688
1655.8369140625	750.5072021484375
1656.8291015625	743.1023559570312
1657.822265625	723.096923828125
1658.814453125	740.8834838867188
1659.806640625	766.23876953125
1660.7978515625	743.70458984375
1661.7900390625	776.6351318359375
1662.78125	701.1306762695312
1663.7724609375	736.58837890625
1664.763671875	691.3219604492188
1665.7548828125	701.5560302734375
1666.7451171875	714.3182373046875
1667.7353515625	716.9871215820312
1668.7255859375	701.981201171875
1669.7158203125	702.1228637695312
1670.7060546875	740.1565551757812
1671.6953125	747.8857421875
1672.6845703125	758.1451416015625
1673.673828125	738.07666015625
1674.6630859375	743.28173828125
1675.65234375	743.4314575195312
1676.640625	718.2892456054688
1677.62890625	761.4386596679688
1678.6171875	708.4575805664062
1679.60546875	754.1529541015625
1680.59375	744.1796875
1681.5810546875	716.3362426757812
