552.93359375	484.7521667480469
554.171875	486.8936462402344
555.4091796875	484.9945068359375
556.646484375	489.15826416015625
557.8828125	469.06219482421875
559.119140625	479.2908630371094
560.35546875	481.4331970214844
561.591796875	501.78656005859375
562.8271484375	518.1022338867188
564.0625	475.7201232910156
565.2978515625	496.08697509765625
566.5322265625	488.1090087890625
567.7666015625	482.1528015136719
569.0009765625	466.0617980957031
570.234375	535.0907592773438
571.4677734375	504.8132019042969
572.701171875	470.46478271484375
573.93359375	539.5460205078125
575.166015625	505.18896484375
576.3984375	503.2847900390625
577.6298828125	499.3497009277344
578.8623046875	491.351806640625
580.0927734375	479.2881164550781
581.32421875	505.8146667480469
582.5546875	503.9078063964844
583.78515625	512.161865234375
585.015625	520.4199829101562
586.2451171875	508.34808349609375
587.474609375	479.9989929199219
588.7041015625	490.28936767578125
589.9326171875	525.0034790039062
591.1611328125	498.6726989746094
592.3896484375	529.333984375
593.6171875	478.5542907714844
594.8447265625	490.8934631347656
596.072265625	511.38824462890625
597.2998046875	513.5518798828125
598.5263671875	513.6780395507812
599.7529296875	523.998779296875
600.978515625	540.4426879882812
602.205078125	548.7349243164062
603.4306640625	526.425048828125
604.6552734375	522.4722900390625
605.880859375	494.0205993652344
607.10546875	537.0216674804688
608.3291015625	514.6867065429688
609.5537109375	527.070068359375
610.77734375	508.808349609375
612.0009765625	492.5815124511719
613.2236328125	541.7676391601562
614.4462890625	521.450927734375
615.6689453125	537.9415283203125
616.8916015625	513.52197265625
618.11328125	507.5080261230469
619.3349609375	521.9601440429688
620.556640625	524.134765625
621.77734375	546.7893676757812
622.998046875	544.8741455078125
624.21875	504.02880859375
625.4384765625	516.4478149414062
626.6591796875	506.323974609375
627.8779296875	526.9509887695312
629.09765625	504.5192565917969
630.31640625	545.6696166992188
631.53515625	500.6605529785156
632.75390625	529.5155029296875
633.9716796875	560.4371948242188
635.189453125	556.46630859375
636.4072265625	564.8167114257812
637.6240234375	552.6273193359375
638.8408203125	517.8283081054688
640.0576171875	532.3412475585938
641.2744140625	516.0231323242188
642.490234375	553.1625366210938
643.7060546875	530.6707763671875
644.9208984375	532.8563842773438
646.13671875	555.6215209960938
647.3515625	572.2225341796875
648.56640625	570.3018188476562
649.7802734375	551.9052734375
650.994140625	512.9013671875
652.2080078125	558.3525390625
653.4208984375	542.0003662109375
654.634765625	581.2962646484375
655.8466796875	527.8286743164062
657.0595703125	567.139892578125
658.271484375	579.6533203125
659.4833984375	526.1464233398438
660.6953125	584.0596923828125
661.9072265625	553.2354125976562
663.1181640625	512.0721435546875
664.3291015625	553.5011596679688
665.5390625	543.3049926757812
666.7490234375	541.3690795898438
667.958984375	543.565673828125
669.1689453125	549.8978271484375
670.3779296875	547.9618530273438
671.5869140625	568.77587890625
672.7958984375	550.2930908203125
674.00390625	577.3252563476562
675.212890625	577.4634399414062
676.419921875	571.3907470703125
677.6279296875	561.173583984375
678.8349609375	569.5927124023438
680.0419921875	532.4374389648438
681.2490234375	584.3704833984375
682.455078125	557.564453125
683.6611328125	580.5029907226562
684.8671875	557.8305053710938
686.0732421875	582.8541259765625
687.2783203125	595.4412841796875
688.4833984375	583.1318969726562
689.6875	581.1951293945312
690.892578125	541.8858642578125
692.0966796875	560.7049560546875
693.2998046875	560.83837890625
694.50390625	565.1270751953125
695.70703125	579.80859375
696.91015625	571.6317138671875
698.1123046875	569.6883544921875
699.3154296875	567.7439575195312
700.517578125	621.96240234375
701.71875	605.4649047851562
702.9208984375	539.0123901367188
704.1220703125	524.56884765625
705.3232421875	587.1566772460938
706.5234375	581.0479736328125
707.7236328125	612.43212890625
708.923828125	562.57080078125
710.1240234375	554.3676147460938
711.3232421875	592.021240234375
712.5224609375	565.0552978515625
713.7216796875	544.3331909179688
714.9208984375	588.2691650390625
716.119140625	638.4854125976562
717.3173828125	617.7657470703125
718.5146484375	567.8106689453125
719.712890625	557.5045166015625
720.91015625	570.1671752929688
722.107421875	595.369873046875
723.3037109375	551.6304931640625
724.5	595.6505737304688
725.6962890625	581.157470703125
726.892578125	581.2943115234375
728.087890625	558.4249267578125
729.283203125	617.1315307617188
730.478515625	571.2425537109375
731.6728515625	565.0980224609375
732.8671875	579.885009765625
734.0615234375	603.0546264648438
735.255859375	578.0631713867188
736.44921875	620.097412109375
737.642578125	632.8154907226562
738.8359375	586.8540649414062
740.0283203125	574.4133911132812
741.220703125	591.3232421875
742.4130859375	589.364501953125
743.60546875	572.7196655273438
744.796875	621.1163330078125
745.98828125	625.4595336914062
747.1796875	564.724853515625
748.3701171875	632.0519409179688
749.560546875	592.2935791015625
750.7509765625	579.8272094726562
751.94140625	569.4562377929688
753.130859375	586.40380859375
754.3203125	613.8707275390625
755.509765625	626.6309204101562
756.6982421875	591.0215454101562
757.88671875	599.5746459960938
759.0751953125	599.714599609375
760.263671875	612.4830322265625
761.451171875	614.7311401367188
762.638671875	604.3458251953125
763.826171875	608.69921875
765.0126953125	608.841064453125
766.19921875	649.0198364257812
767.3857421875	600.6939697265625
768.572265625	651.4303588867188
769.7578125	567.2348022460938
770.943359375	636.9694213867188
772.12890625	616.02099609375
773.3134765625	571.85107421875
774.4990234375	584.6478881835938
775.6826171875	578.4503784179688
776.8671875	553.2453002929688
778.05078125	618.8493041992188
779.234375	597.866943359375
780.41796875	604.3450317382812
781.6015625	653.0977172851562
782.7841796875	619.424072265625
783.966796875	638.5988159179688
785.1494140625	598.560791015625
786.3310546875	586.0062866210938
787.5126953125	596.7222290039062
788.6943359375	594.7439575195312
789.875	624.5198974609375
791.056640625	595.0194091796875
792.2373046875	605.7471313476562
793.4169921875	605.8872680664062
794.59765625	599.6705322265625
795.77734375	593.4508056640625
796.95703125	578.748291015625
798.1357421875	597.966064453125
799.314453125	619.3135986328125
800.494140625	623.6995239257812
801.671875	606.8681640625
802.8505859375	628.2323608398438
804.0283203125	609.2713012695312
805.2060546875	651.8795776367188
806.3828125	611.6763305664062
807.560546875	635.1853637695312
808.7373046875	626.8323974609375
809.9140625	626.9768676757812
811.08984375	624.9954833984375
812.265625	637.8973999023438
813.44140625	593.3811645507812
814.6171875	597.7723999023438
815.7919921875	661.7437744140625
816.966796875	636.356689453125
818.1416015625	636.5030517578125
819.31640625	634.5201416015625
820.490234375	651.7040405273438
821.6640625	613.509521484375
822.837890625	620.0426635742188
824.0107421875	590.3480224609375
825.1845703125	633.1177978515625
826.357421875	643.9241943359375
827.529296875	659.0007934570312
828.7021484375	584.4907836914062
829.8740234375	657.1695556640625
831.044921875	648.78369140625
832.216796875	608.3741455078125
833.3876953125	606.3784790039062
834.55859375	632.1449584960938
835.7294921875	632.289794921875
836.8994140625	651.6640625
838.0703125	604.7973022460938
839.2392578125	630.5867309570312
840.4091796875	611.4884033203125
841.578125	622.3211669921875
842.7470703125	588.2387084960938
843.916015625	616.187255859375
845.0849609375	609.9080810546875
846.2529296875	616.4690551757812
847.4208984375	640.1610717773438
848.5888671875	627.4583129882812
849.755859375	670.44140625
850.9228515625	666.3095703125
852.08984375	632.1742553710938
853.2568359375	653.7531127929688
854.4228515625	626.0310668945312
855.5888671875	632.607177734375
856.7548828125	581.2733764648438
857.919921875	630.7503662109375
859.0859375	641.6236572265625
860.2509765625	665.3801879882812
861.4150390625	614.0067749023438
862.580078125	603.4097900390625
863.744140625	667.98291015625
864.908203125	638.0581665039062
866.0712890625	627.4592895507812
867.2353515625	616.85546875
868.3984375	634.1943359375
869.5615234375	591.3326416015625
870.7236328125	623.72900390625
871.8857421875	626.0220947265625
873.0478515625	606.7985229492188
874.2099609375	628.458984375
875.3720703125	647.9765014648438
876.533203125	658.889892578125
877.6943359375	605.1964721679688
878.8544921875	631.1844482421875
880.015625	614.0901489257812
881.17578125	674.5748901367188
882.3359375	689.8177490234375
883.4951171875	627.4453735351562
884.6552734375	677.1907958984375
885.814453125	653.6157836914062
886.97265625	623.5570678710938
888.1318359375	599.9590454101562
889.2900390625	621.68115234375
890.4482421875	615.3446655273438
891.6064453125	652.1972045898438
892.763671875	596.1827392578125
893.9208984375	630.8869018554688
895.078125	643.99609375
896.2353515625	622.5263671875
897.3916015625	616.1810913085938
898.5478515625	616.3204956054688
899.7041015625	586.1776733398438
900.859375	666.3599853515625
902.015625	608.082763671875
903.1708984375	623.3716430664062
904.3251953125	632.1724243164062
905.48046875	645.3080444335938
906.634765625	706.1004638671875
907.7890625	669.430419921875
908.943359375	654.4130859375
910.0966796875	721.7508544921875
911.25	674.2197875976562
912.4033203125	663.5299682617188
913.556640625	676.6929931640625
914.708984375	692.0313110351562
915.861328125	633.6009521484375
917.013671875	642.42529296875
918.1650390625	599.1531982421875
919.3173828125	692.6556396484375
920.46875	632.0006713867188
921.619140625	616.9368896484375
922.7705078125	654.0134887695312
923.9208984375	604.1751098632812
925.0712890625	610.8324584960938
926.2216796875	643.5840454101562
927.37109375	617.6318359375
928.5205078125	589.4925537109375
929.669921875	654.8973999023438
930.8193359375	600.6389770507812
931.9677734375	657.3687744140625
933.1162109375	644.453369140625
934.2646484375	633.7097778320312
935.412109375	638.2085571289062
936.560546875	688.4615478515625
937.7080078125	675.541259765625
938.8544921875	638.638916015625
940.001953125	647.5029296875
941.1484375	643.287109375
942.294921875	647.7937622070312
943.44140625	621.7598266601562
944.5869140625	615.3530883789062
945.7333984375	626.4041748046875
946.8779296875	633.0939331054688
948.0234375	648.52099609375
949.16796875	666.138916015625
950.3134765625	626.9663696289062
951.45703125	603.0714721679688
952.6015625	587.907958984375
953.7451171875	664.5504760742188
954.888671875	627.5286865234375
956.0322265625	629.8563232421875
957.17578125	597.18505859375
958.318359375	660.7702026367188
959.4609375	639.0335083007812
960.603515625	672.010986328125
961.7451171875	597.7200927734375
962.8876953125	632.8928833007812
964.029296875	615.5111083984375
965.169921875	661.6581420898438
966.3115234375	637.7006225585938
967.4521484375	672.9136962890625
968.5927734375	627.02392578125
969.7333984375	644.7071533203125
970.873046875	642.6578979492188
972.0126953125	631.832275390625
973.15234375	660.5
974.2919921875	632.1146240234375
975.4306640625	625.6698608398438
976.5693359375	654.3552856445312
977.7080078125	634.734619140625
978.8466796875	608.5147094726562
979.984375	617.439697265625
981.1220703125	643.950927734375
982.259765625	668.2756958007812
983.396484375	626.6482543945312
984.5341796875	615.7918090820312
985.6708984375	644.52587890625
986.8076171875	633.6683959960938
987.943359375	633.8096923828125
989.0791015625	629.548583984375
990.21484375	645.1008911132812
991.3505859375	640.8402709960938
992.4853515625	689.4422607421875
993.62109375	656.5481567382812
994.755859375	711.7862548828125
995.8896484375	621.5740966796875
997.0244140625	659.191650390625
998.158203125	648.3126831054688
999.2919921875	648.45703125
1000.42578125	655.2197875976562
1001.55859375	635.5060424804688
1002.69140625	648.89013671875
1003.82421875	624.7509155273438
1004.95703125	642.5546264648438
1006.0888671875	678.0348510742188
1007.220703125	647.2586059570312
1008.3525390625	676.1268920898438
1009.484375	614.3956298828125
1010.615234375	674.2169799804688
1011.74609375	619.0908813476562
1012.876953125	614.805419921875
1014.0068359375	621.5780639648438
1015.1376953125	628.3536987304688
1016.267578125	657.2623291015625
1017.3974609375	695.0377807617188
1018.5263671875	619.91650390625
1019.6552734375	644.4134521484375
1020.7841796875	668.9212036132812
1021.9130859375	662.4232788085938
1023.0419921875	669.2181396484375
1024.169921875	638.33642578125
1025.2978515625	671.7321166992188
1026.42578125	676.3159790039062
1027.552734375	638.7613525390625
1028.6796875	643.33984375
1029.806640625	614.63671875
1030.93359375	668.0385131835938
1032.060546875	670.4065551757812
1033.1865234375	663.8939819335938
1034.3125	677.3663330078125
1035.4375	661.9669189453125
1036.5634765625	677.6665649414062
1037.6884765625	617.813232421875
1038.8134765625	651.292724609375
1039.9384765625	711.4669799804688
1041.0625	638.23828125
1042.1865234375	682.865966796875
1043.310546875	665.2186279296875
1044.4345703125	656.4646606445312
1045.5576171875	703.3516845703125
1046.6806640625	663.4341430664062
1047.8037109375	674.71484375
1048.9267578125	674.8640747070312
1050.048828125	670.557861328125
1051.1708984375	679.6192016601562
1052.29296875	679.7694702148438
1053.4150390625	653.1688842773438
1054.5361328125	628.7861328125
1055.6572265625	722.5948486328125
1056.7783203125	666.9864501953125
1057.8994140625	687.2147827148438
1059.01953125	667.28125
1060.1396484375	667.4287109375
1061.259765625	663.1107788085938
1062.3798828125	631.9925537109375
1063.4990234375	690.2078857421875
1064.6181640625	674.7210693359375
1065.7373046875	665.931396484375
1066.8564453125	654.902587890625
1067.974609375	681.8750610351562
1069.0927734375	675.3170776367188
1070.2109375	691.1226196289062
1071.328125	686.8008422851562
1072.4462890625	675.7642211914062
1073.5634765625	644.57958984375
1074.6806640625	691.7327270507812
1075.796875	725.4719848632812
1076.9140625	683.0794677734375
1078.0302734375	656.348876953125
1079.1455078125	681.1400756835938
1080.26171875	694.7367553710938
1081.376953125	656.7830200195312
1082.4921875	668.13818359375
1083.607421875	692.9536743164062
1084.72265625	637.02978515625
1085.8369140625	670.823486328125
1086.951171875	722.5844116210938
1088.0654296875	675.6080932617188
1089.1787109375	693.7172241210938
1090.29296875	626.5039672851562
1091.40625	651.3482055664062
1092.5185546875	635.7659301757812
1093.6318359375	689.8342895507812
1094.744140625	642.7883911132812
1095.8564453125	663.1619262695312
1096.96875	658.8108520507812
1098.0810546875	685.9437255859375
1099.1923828125	663.5997314453125
1100.3037109375	634.4959106445312
1101.4150390625	663.8917236328125
1102.525390625	666.2886962890625
1103.63671875	697.955810546875
1104.7470703125	619.2904663085938
1105.8564453125	657.7184448242188
1106.966796875	666.8748168945312
1108.076171875	707.58349609375
1109.185546875	664.9140625
1110.294921875	633.4979858398438
1111.404296875	694.5204467773438
1112.5126953125	699.1838989257812
1113.62109375	638.427490234375
1114.7294921875	634.0548706054688
1115.8369140625	659.0202026367188
1116.9453125	674.966796875
1118.052734375	620.9251708984375
1119.1591796875	677.5216674804688
1120.2666015625	643.786865234375
1121.373046875	677.8191528320312
1122.4794921875	664.4085693359375
1123.5859375	669.0751342773438
1124.6923828125	673.7437133789062
1125.7978515625	639.9708251953125
1126.9033203125	644.6349487304688
1128.0087890625	642.5139770507812
1129.11328125	676.5979614257812
1130.21875	663.1661376953125
1131.3232421875	663.3115844726562
1132.4267578125	674.77880859375
1133.53125	606.9810791015625
1134.634765625	629.7677001953125
1135.73828125	659.3617553710938
1136.841796875	668.5716552734375
1137.9453125	675.5186767578125
1139.0478515625	657.5280151367188
1140.150390625	709.832275390625
1141.2529296875	709.9877319335938
1142.35546875	626.1966552734375
1143.45703125	649.0270385742188
1144.55859375	683.2164916992188
1145.66015625	665.2035522460938
1146.76171875	651.7243041992188
1147.8623046875	685.9367065429688
1148.962890625	683.8150634765625
1150.0634765625	686.237060546875
1151.1630859375	631.8399047851562
1152.263671875	663.804443359375
1153.36328125	675.3187255859375
1154.462890625	666.3692626953125
1155.5615234375	661.9654541015625
1156.6611328125	664.3855590820312
1157.759765625	641.7730102539062
1158.8583984375	673.7813720703125
1159.9560546875	657.9912109375
1161.0546875	669.5215454101562
1162.15234375	656.001220703125
1163.25	612.8572998046875
1164.34765625	699.5848388671875
1165.4443359375	686.0621337890625
1166.541015625	658.8547973632812
1167.6376953125	636.196044921875
1168.734375	679.669677734375
1169.830078125	679.8181762695312
1170.92578125	668.557861328125
1172.021484375	659.5748291015625
1173.1171875	691.6776123046875
1174.2119140625	700.9617309570312
1175.3076171875	682.8447265625
1176.40234375	692.130859375
1177.49609375	655.725830078125
1178.5908203125	594.1670532226562
1179.6845703125	681.155517578125
1180.7783203125	672.1591186523438
1181.8720703125	715.7542114257812
1182.96484375	686.1760864257812
1184.0576171875	663.4483032226562
1185.150390625	652.1517944335938
1186.2431640625	643.1390380859375
1187.3359375	643.2793579101562
1188.427734375	744.1686401367188
1189.51953125	687.07470703125
1190.611328125	698.6782836914062
1191.7021484375	685.0831909179688
1192.7939453125	673.7738037109375
1193.884765625	641.8292236328125
1194.974609375	662.6038818359375
1196.0654296875	651.2820434570312
1197.1552734375	699.5927124023438
1198.2451171875	642.3889770507812
1199.3349609375	665.4764404296875
1200.4248046875	631.1927490234375
1201.513671875	702.4984130859375
1202.6025390625	640.6527709960938
1203.69140625	656.8695678710938
1204.7802734375	700.6603393554688
1205.8681640625	689.3241577148438
1206.9560546875	673.3865356445312
1208.0439453125	648.2469482421875
1209.1318359375	689.7745361328125
1210.21875	676.126220703125
1211.3056640625	644.0698852539062
1212.392578125	623.5033569335938
1213.4794921875	646.6515502929688
1214.5654296875	672.1115112304688
1215.65234375	628.5149536132812
1216.73828125	651.6792602539062
1217.8232421875	716.3121948242188
1218.9091796875	672.6966552734375
1219.994140625	629.0620727539062
1221.0791015625	647.636962890625
1222.1640625	663.9146118164062
1223.248046875	666.36474609375
1224.33203125	666.5096435546875
1225.416015625	662.041015625
1226.5	652.9558715820312
1227.583984375	715.407470703125
1228.6669921875	694.78857421875
1229.75	701.8658447265625
1230.8330078125	685.8534545898438
1231.916015625	679.0731811523438
1232.998046875	667.6693115234375
1234.080078125	679.3682861328125
1235.162109375	658.71435546875
1236.2431640625	675.0398559570312
1237.3251953125	714.4953002929688
1238.40625	675.3330688476562
1239.4873046875	684.7328491210938
1240.5673828125	645.547119140625
1241.6484375	724.3731689453125
1242.728515625	673.60498046875
1243.80859375	694.5888061523438
1244.888671875	671.5816040039062
1245.9677734375	671.7273559570312
1247.046875	644.0714721679688
1248.1259765625	695.1919555664062
1249.205078125	644.3509521484375
1250.2841796875	669.9921875
1251.3623046875	639.992919921875
1252.4404296875	642.4510498046875
1253.5185546875	668.1083984375
1254.595703125	672.8939208984375
1255.6728515625	705.5313720703125
1256.75	656.9364013671875
1257.8271484375	749.9521484375
1258.904296875	692.0562744140625
1259.98046875	708.4661865234375
1261.056640625	678.416259765625
1262.1328125	634.41015625
1263.208984375	697.3051147460938
1264.2841796875	674.2076416015625
1265.359375	695.2819213867188
1266.4345703125	711.7135620117188
1267.509765625	630.4449462890625
1268.583984375	698.0606689453125
1269.6591796875	698.2118530273438
1270.732421875	642.4939575195312
1271.806640625	665.9168701171875
1272.880859375	645.10107421875
1273.9541015625	642.9113159179688
1275.02734375	689.6483764648438
1276.1005859375	699.1192016601562
1277.1728515625	675.9614868164062
1278.2451171875	673.7763671875
1279.318359375	692.577392578125
1280.3896484375	650.7437744140625
1281.4619140625	699.8758544921875
1282.533203125	658.0255737304688
1283.6044921875	679.1732788085938
1284.67578125	648.9725341796875
1285.7470703125	653.78271484375
1286.8173828125	670.272216796875
1287.8876953125	647.0576171875
1288.9580078125	642.5245971679688
1290.0283203125	607.6090698242188
1291.09765625	621.7651977539062
1292.16796875	628.9134521484375
1293.2373046875	600.9876708984375
1294.3056640625	610.4734497070312
1295.375	645.6976318359375
1296.443359375	652.8570556640625
1297.51171875	645.9765625
1298.580078125	655.4801025390625
1299.6474609375	695.42724609375
1300.7158203125	644.0531616210938
1301.783203125	674.6449584960938
1302.8505859375	627.93017578125
1303.9169921875	597.599853515625
1304.984375	644.6094970703125
1306.05078125	623.6477661132812
1307.1171875	619.09228515625
1308.1826171875	656.7546997070312
1309.2490234375	614.6673583984375
1310.314453125	647.65185546875
1311.3798828125	661.8740234375
1312.4453125	633.8458251953125
1313.509765625	633.9825439453125
1314.57421875	627.073486328125
1315.638671875	622.510498046875
1316.703125	662.5879516601562
1317.767578125	650.9802856445312
1318.8310546875	634.666259765625
1319.89453125	648.9097900390625
1320.9580078125	627.885009765625
1322.021484375	663.3023681640625
1323.083984375	614.039794921875
1324.146484375	625.9378051757812
1325.208984375	602.5360717773438
1326.271484375	616.7908935546875
1327.3330078125	614.5690307617188
1328.39453125	654.7394409179688
1329.4560546875	654.8804321289062
1330.517578125	647.9528198242188
1331.578125	657.5191040039062
1332.6396484375	655.303466796875
1333.7001953125	617.7210693359375
1334.7607421875	624.9287109375
1335.8203125	632.1393432617188
1336.8798828125	641.7123413085938
1337.9404296875	693.7647705078125
1338.9990234375	639.6282348632812
1340.05859375	613.7974853515625
1341.1171875	649.3485107421875
1342.1767578125	661.2969970703125
1343.2353515625	609.468994140625
1344.29296875	692.2977294921875
1345.3515625	666.4502563476562
1346.4091796875	654.7744750976562
1347.466796875	626.54345703125
1348.5244140625	659.78564453125
1349.5810546875	650.4661254882812
1350.638671875	615.1182861328125
1351.6953125	638.9139404296875
1352.7509765625	627.2168579101562
1353.8076171875	665.2294311523438
1354.86328125	644.0614624023438
1355.919921875	582.621826171875
1356.974609375	570.9025268554688
1358.0302734375	578.13330078125
1359.0859375	571.1476440429688
1360.140625	618.6785888671875
1361.1953125	592.731201171875
1362.2490234375	618.9441528320312
1363.3037109375	607.21728515625
1364.357421875	609.7200317382812
1365.4111328125	612.2237548828125
1366.46484375	609.9816284179688
1367.5185546875	659.9660034179688
1368.5712890625	607.8688354492188
1369.6240234375	634.1241455078125
1370.6767578125	643.7621459960938
1371.7294921875	617.7639770507812
1372.78125	596.5076904296875
1373.8330078125	587.1273803710938
1374.884765625	599.1409301757812
1375.9365234375	611.1595458984375
1376.98828125	599.397705078125
1378.0390625	616.1796264648438
1379.08984375	578.23828125
1380.140625	609.3033447265625
1381.1904296875	616.5756225585938
1382.2412109375	600.0398559570312
1383.291015625	593.0234985351562
1384.3408203125	581.2398071289062
1385.3896484375	569.4509887695312
1386.439453125	588.6380615234375
1387.48828125	583.9967041015625
1388.537109375	586.505859375
1389.5859375	596.1700439453125
1390.6337890625	567.67529296875
1391.6826171875	584.4966430664062
1392.73046875	601.3250732421875
1393.7783203125	601.4536743164062
1394.8251953125	613.5184326171875
1395.8720703125	573.0579833984375
1396.919921875	601.8395385742188
1397.966796875	585.246826171875
1399.0126953125	585.3718872070312
1400.0595703125	652.410888671875
1401.10546875	619.086181640625
1402.1513671875	633.563232421875
1403.197265625	581.0896606445312
1404.2421875	633.8339233398438
1405.2880859375	610.0458984375
1406.3330078125	638.8903198242188
1407.376953125	617.4864501953125
1408.421875	663.101806640625
1409.466796875	656.0601806640625
1410.5107421875	644.2257080078125
1411.5546875	625.199951171875
1412.59765625	666.0639038085938
1413.6416015625	666.2059936523438
1414.6845703125	644.775634765625
1415.7275390625	625.7335815429688
1416.7705078125	592.2955932617188
1417.8125	671.5713500976562
1418.85546875	628.5328369140625
1419.8974609375	616.6693725585938
1420.939453125	568.8007202148438
1421.9814453125	600.1286010742188
1423.0224609375	605.0585327148438
1424.0634765625	617.1951293945312
1425.1044921875	600.5122680664062
1426.1455078125	593.4324340820312
1427.185546875	559.9158325195312
1428.2265625	572.0529174804688
1429.2666015625	569.7706298828125
1430.306640625	574.7011108398438
1431.345703125	589.254150390625
1432.3857421875	553.2950439453125
1433.4248046875	575.0680541992188
1434.4638671875	539.090576171875
1435.5029296875	606.6058959960938
1436.541015625	587.4735107421875
1437.5791015625	568.3328857421875
1438.6171875	599.766845703125
1439.6552734375	590.2575073242188
1440.693359375	602.4315795898438
1441.73046875	578.4572143554688
1442.767578125	580.9909057617188
1443.8046875	581.1143188476562
1444.841796875	578.8259887695312
1445.8779296875	600.6594848632812
1446.9140625	571.8334350585938
1447.9501953125	567.1282348632812
1448.986328125	588.9730834960938
1450.0224609375	615.65576171875
1451.0576171875	601.29736328125
1452.0927734375	589.34814453125
1453.1279296875	572.5620727539062
1454.1630859375	555.7688598632812
1455.197265625	580.0557250976562
1456.2314453125	585.0135498046875
1457.265625	597.2271728515625
1458.2998046875	602.190673828125
1459.333984375	556.3582763671875
1460.3671875	629.06005859375
1461.400390625	571.114013671875
1462.43359375	551.87109375
1463.466796875	581.0399780273438
1464.4990234375	602.9566650390625
1465.53125	590.9742431640625
1466.5634765625	574.1416015625
1467.595703125	562.1478881835938
1468.626953125	557.4197387695312
1469.6591796875	574.5062866210938
1470.6904296875	540.68359375
1471.7216796875	632.951904296875
1472.751953125	579.7222290039062
1473.783203125	589.5493774414062
1474.8134765625	650.340087890625
1475.84375	577.6629028320312
1476.8740234375	555.93603515625
1477.9033203125	531.771728515625
1478.9326171875	590.1727294921875
1479.9619140625	595.1558837890625
1480.9912109375	549.1168823242188
1482.0205078125	575.9654541015625
1483.048828125	573.6563720703125
1484.0771484375	605.3838500976562
1485.10546875	595.7845458984375
1486.1337890625	561.8583374023438
1487.162109375	583.8720703125
1488.189453125	581.5619506835938
1489.216796875	574.3831787109375
1490.244140625	630.494140625
1491.2705078125	589.234619140625
1492.2978515625	611.2771606445312
1493.32421875	557.816650390625
1494.3505859375	635.8988647460938
1495.376953125	572.6732788085938
1496.40234375	536.2326049804688
1497.4287109375	597.2939453125
1498.4541015625	558.4046020507812
1499.478515625	536.571533203125
1500.50390625	609.8687744140625
1501.5283203125	580.71728515625
1502.5537109375	563.7560424804688
1503.578125	571.1976928710938
1504.6015625	566.434814453125
1505.6259765625	608.0687255859375
1506.6494140625	569.11572265625
1507.6728515625	588.7799682617188
1508.6962890625	613.339599609375
1509.7197265625	574.3629150390625
1510.7421875	562.2606201171875
1511.7646484375	535.4823608398438
1512.787109375	547.8230590820312
1513.8095703125	543.0458374023438
1514.83203125	513.7998657226562
1515.853515625	548.1682739257812
1516.875	560.5218505859375
1517.896484375	541.0538330078125
1518.91796875	553.4109497070312
1519.9384765625	536.3824462890625
1520.958984375	538.9447021484375
1521.9794921875	561.110107421875
1523.0	536.719970703125
1524.0205078125	514.7709350585938
1525.0400390625	539.3968505859375
1526.0595703125	539.5098876953125
1527.0791015625	559.2455444335938
1528.0986328125	515.2025146484375
1529.1171875	544.7567138671875
1530.13671875	539.9620361328125
1531.1552734375	525.3457641601562
1532.1728515625	550.009765625
1533.19140625	532.9334106445312
1534.208984375	567.4349365234375
1535.2265625	545.441162109375
1536.244140625	538.182861328125
1537.26171875	553.043212890625
1538.279296875	540.8663940429688
1539.2958984375	555.7334594726562
1540.3125	516.4973754882812
1541.3291015625	536.2855224609375
1542.345703125	548.7001953125
1543.361328125	570.9642944335938
1544.376953125	531.6984252929688
1545.392578125	568.7406005859375
1546.408203125	556.5463256835938
1547.4228515625	527.1051635742188
1548.4384765625	495.18804931640625
1549.453125	549.5023193359375
1550.4677734375	547.1522827148438
1551.482421875	562.0573120117188
1552.49609375	537.5177001953125
1553.509765625	540.0958862304688
1554.5234375	562.4087524414062
1555.537109375	584.7308959960938
1556.55078125	537.9656982421875
1557.5634765625	580.0379028320312
1558.576171875	557.9398193359375
1559.5888671875	565.4637451171875
1560.6015625	600.158447265625
1561.6142578125	585.4614868164062
1562.6259765625	600.4080810546875
1563.6376953125	578.2909545898438
1564.6494140625	568.5238037109375
1565.66015625	588.4208374023438
1566.671875	610.7988891601562
1567.6826171875	603.505615234375
1568.693359375	571.4703369140625
1569.7041015625	601.2819213867188
1570.71484375	569.2327270507812
1571.724609375	542.1210327148438
1572.734375	581.8487548828125
1573.744140625	589.3988037109375
1574.75390625	552.3663940429688
1575.7626953125	562.390869140625
1576.7724609375	569.9414672851562
1577.78125	532.8817749023438
1578.7900390625	535.47119140625
1579.7978515625	513.2662353515625
1580.806640625	560.49365234375
1581.814453125	560.6096801757812
1582.822265625	558.24462890625
1583.830078125	516.1729736328125
1584.8369140625	516.2797241210938
1585.8447265625	551.143310546875
1586.8515625	561.1898193359375
1587.8583984375	546.4039306640625
1588.865234375	486.8968200683594
1589.87109375	489.48211669921875
1590.876953125	499.5240173339844
1591.8828125	504.5986022949219
1592.888671875	539.5098876953125
1593.89453125	502.3202209472656
1594.900390625	519.8345947265625
1595.9052734375	537.356201171875
1596.91015625	549.9083862304688
1597.9150390625	550.0217895507812
1598.9189453125	515.2849731445312
1599.923828125	475.5541687011719
1600.927734375	530.4393310546875
1601.931640625	550.4752807617188
1602.935546875	530.6578369140625
1603.9384765625	530.76708984375
1604.94140625	525.8916015625
1605.9453125	518.5211181640625
1606.9482421875	461.2795104980469
1607.9501953125	501.27703857421875
1608.953125	506.36895751953125
1609.955078125	503.97808837890625
1610.95703125	476.6316833496094
1611.958984375	504.1852111816406
1612.9609375	481.8204650878906
1613.9619140625	511.88330078125
1614.962890625	494.5058288574219
1615.9638671875	504.599365234375
1616.96484375	482.21612548828125
1617.9658203125	492.3111877441406
1618.9658203125	522.4067993164062
1619.9658203125	442.5117492675781
1620.9658203125	507.61749267578125
1621.9658203125	497.71710205078125
1622.9658203125	477.80621337890625
1623.96484375	470.397705078125
1624.9638671875	440.46246337890625
1625.962890625	453.06829833984375
1626.9619140625	488.21209716796875
1627.9599609375	470.7828063964844
1628.958984375	508.4491882324219
1629.95703125	433.3974914550781
1630.9541015625	481.0943298339844
1631.9521484375	458.6366882324219
1632.9501953125	448.7034606933594
1633.947265625	446.287841796875
1634.9443359375	478.9796447753906
1635.94140625	489.1103820800781
1636.9375	439.0347595214844
1637.9345703125	481.7820739746094
1638.9306640625	431.6844177246094
1639.9267578125	464.4063415527344
1640.9228515625	446.92523193359375
1641.91796875	426.9256591796875
1642.9140625	449.6191101074219
1643.9091796875	401.9759826660156
1644.904296875	472.4178771972656
1645.8994140625	470.0006103515625
1646.8935546875	485.1794738769531
1647.888671875	450.07659912109375
1648.8828125	465.2574768066406
1649.876953125	417.5591125488281
1650.8701171875	440.2872619628906
1651.8642578125	483.1560974121094
1652.857421875	445.4999084472656
1653.8505859375	430.4855651855469
1654.84375	480.9322814941406
1655.8369140625	465.9189147949219
1656.8291015625	463.4943542480469
1657.822265625	466.1077880859375
1658.814453125	461.16217041015625
1659.806640625	433.5298156738281
1660.7978515625	451.26483154296875
1661.7900390625	428.6622619628906
1662.78125	441.3592529296875
1663.7724609375	393.5198059082031
1664.763671875	446.5838928222656
1665.7548828125	466.8628234863281
1666.7451171875	441.7162170410156
1667.7353515625	416.5594177246094
1668.7255859375	411.5932922363281
1669.7158203125	411.6763610839844
1670.7060546875	424.39007568359375
1671.6953125	457.322021484375
1672.6845703125	442.2513427734375
1673.673828125	437.28515625
1674.6630859375	404.5070495605469
1675.65234375	397.00250244140625
1676.640625	457.782958984375
1677.62890625	412.3405456542969
1678.6171875	440.2557678222656
1679.60546875	442.87506103515625
1680.59375	445.4953308105469
1681.5810546875	402.46453857421875
