552.93359375	565.544189453125
554.171875	557.6043701171875
555.4091796875	579.9725952148438
556.646484375	578.0961303710938
557.8828125	545.891357421875
559.119140625	576.3624267578125
560.35546875	610.8942260742188
561.591796875	566.533203125
562.8271484375	582.8650512695312
564.0625	583.0101928710938
565.2978515625	609.478271484375
566.5322265625	542.7933959960938
567.7666015625	565.2127685546875
569.0009765625	555.221435546875
570.234375	595.8965454101562
571.4677734375	604.1539916992188
572.701171875	571.8580322265625
573.93359375	608.5105590820312
575.166015625	600.5458984375
576.3984375	590.5478515625
577.6298828125	586.6343994140625
578.8623046875	572.5669555664062
580.0927734375	566.6160278320312
581.32421875	580.9758911132812
582.5546875	568.9281616210938
583.78515625	558.9067993164062
585.015625	605.8013305664062
586.2451171875	546.9825439453125
587.474609375	579.6597900390625
588.7041015625	602.18115234375
589.9326171875	628.7832641601562
591.1611328125	598.4072265625
592.3896484375	604.6622924804688
593.6171875	584.4471435546875
594.8447265625	564.221923828125
596.072265625	629.5576171875
597.2998046875	552.2720336914062
598.5263671875	544.254150390625
599.7529296875	579.0491943359375
600.978515625	566.9549560546875
602.205078125	552.814697265625
603.4306640625	559.071533203125
604.6552734375	604.1085815429688
605.880859375	567.5112915039062
607.10546875	602.3627319335938
608.3291015625	580.043701171875
609.5537109375	578.1427612304688
610.77734375	576.2407836914062
612.0009765625	582.513427734375
613.2236328125	576.5225830078125
614.4462890625	638.0105590820312
615.6689453125	554.3047485351562
616.8916015625	601.495849609375
618.11328125	601.642578125
619.3349609375	620.21142578125
620.556640625	589.651611328125
621.77734375	571.3641357421875
622.998046875	553.0677490234375
624.21875	594.1802978515625
625.4384765625	557.435791015625
626.6591796875	588.3197631835938
627.8779296875	625.369873046875
629.09765625	611.1655883789062
630.31640625	603.1085205078125
631.53515625	629.9295043945312
632.75390625	597.2442016601562
633.9716796875	652.8169555664062
635.189453125	632.44140625
636.4072265625	640.8102416992188
637.6240234375	593.71484375
638.8408203125	587.6940307617188
640.0576171875	559.0610961914062
641.2744140625	598.2578735351562
642.490234375	590.1771240234375
643.7060546875	623.2296142578125
644.9208984375	574.0036010742188
646.13671875	567.9686889648438
647.3515625	648.3816528320312
648.56640625	617.6553955078125
649.7802734375	601.3296508789062
650.994140625	599.4148559570312
652.2080078125	611.92138671875
653.4208984375	581.1563110351562
654.634765625	622.52294921875
655.8466796875	630.920166015625
657.0595703125	546.5166625976562
658.271484375	598.2186889648438
659.4833984375	612.8057861328125
660.6953125	577.8682861328125
661.9072265625	559.4283447265625
663.1181640625	580.2107543945312
664.3291015625	603.0684204101562
665.5390625	576.3577880859375
666.7490234375	607.490478515625
667.958984375	597.3021850585938
669.1689453125	626.3873901367188
670.3779296875	616.1986083984375
671.5869140625	599.7999877929688
672.7958984375	597.8748168945312
674.00390625	614.5720825195312
675.212890625	585.742431640625
676.419921875	579.6717529296875
677.6279296875	612.9423828125
678.8349609375	604.8038940429688
680.0419921875	567.6570434570312
681.2490234375	613.3817749023438
682.455078125	603.16455078125
683.6611328125	578.4297485351562
684.8671875	611.7472534179688
686.0732421875	589.0767211914062
687.2783203125	632.7860107421875
688.4833984375	632.936767578125
689.6875	614.40625
690.892578125	627.0096435546875
692.0966796875	596.0086059570312
693.2998046875	575.3786010742188
694.50390625	625.3795776367188
695.70703125	642.153564453125
696.91015625	567.4744262695312
698.1123046875	627.9046630859375
699.3154296875	557.3457641601562
700.517578125	574.119140625
701.71875	584.6585693359375
702.9208984375	607.689697265625
704.1220703125	595.343994140625
705.3232421875	645.4559326171875
706.5234375	614.3696899414062
707.7236328125	629.096923828125
708.923828125	585.4903564453125
710.1240234375	604.3857421875
711.3232421875	621.2053833007812
712.5224609375	594.246337890625
713.7216796875	596.472412109375
714.9208984375	586.18310546875
716.119140625	598.8408813476562
717.3173828125	598.9822998046875
718.5146484375	638.7869873046875
719.712890625	622.2334594726562
720.91015625	584.786865234375
722.107421875	628.7941284179688
723.3037109375	651.927001953125
724.5	652.0806274414062
725.6962890625	650.1437377929688
726.892578125	641.9329223632812
728.087890625	665.09033203125
729.283203125	629.683349609375
730.478515625	569.1500854492188
731.6728515625	646.7232666015625
732.8671875	625.9408569335938
734.0615234375	628.1819458007812
735.255859375	605.290771484375
736.44921875	609.622802734375
737.642578125	618.1475830078125
738.8359375	645.5394897460938
740.0283203125	601.6665649414062
741.220703125	618.5828247070312
742.4130859375	648.0912475585938
743.60546875	604.1878051757812
744.796875	587.54248046875
745.98828125	610.7675170898438
747.1796875	634.00341796875
748.3701171875	613.1533813476562
749.560546875	621.6982421875
750.7509765625	617.6420288085938
751.94140625	621.9891357421875
753.130859375	556.9785766601562
754.3203125	647.5075073242188
755.509765625	611.911376953125
756.6982421875	628.8805541992188
757.88671875	593.2633056640625
759.0751953125	559.7335815429688
760.263671875	648.2638549804688
761.451171875	618.941650390625
762.638671875	631.7203979492188
763.826171875	600.2742919921875
765.0126953125	629.908203125
766.19921875	625.840576171875
767.3857421875	621.7709350585938
768.572265625	615.5911254882812
769.7578125	609.4083862304688
770.943359375	590.5676879882812
772.12890625	594.9243774414062
773.3134765625	624.6048583984375
774.4990234375	582.5372314453125
775.6826171875	591.1171264648438
776.8671875	608.1474609375
778.05078125	587.1676025390625
779.234375	593.6417846679688
780.41796875	585.3272094726562
781.6015625	602.3717041015625
782.7841796875	587.7129516601562
783.966796875	592.078369140625
785.1494140625	583.7554321289062
786.3310546875	583.8907470703125
787.5126953125	617.8826293945312
788.6943359375	624.3753051757812
789.875	641.4560546875
791.056640625	650.0745849609375
792.2373046875	597.275146484375
793.4169921875	601.6503295898438
794.59765625	663.2398071289062
795.77734375	606.1676025390625
796.95703125	623.2673950195312
798.1357421875	574.64111328125
799.314453125	623.5554809570312
800.494140625	649.1566162109375
801.671875	630.2092895507812
802.8505859375	657.946044921875
804.0283203125	598.6567993164062
805.2060546875	586.0546264648438
806.3828125	639.2866821289062
807.560546875	624.5635375976562
808.7373046875	603.458984375
809.9140625	654.6063232421875
811.08984375	597.359619140625
812.265625	612.3815307617188
813.44140625	621.02978515625
814.6171875	612.6635131835938
815.7919921875	614.9323120117188
816.966796875	612.945556640625
818.1416015625	602.4426879882812
819.31640625	615.3568115234375
820.490234375	636.7957763671875
821.6640625	641.20263671875
822.837890625	656.2650756835938
824.0107421875	618.0538940429688
825.1845703125	588.3519287109375
826.357421875	609.8089599609375
827.529296875	678.1950073242188
828.7021484375	561.0258178710938
829.8740234375	618.7635498046875
831.044921875	618.905517578125
832.216796875	601.97021484375
833.3876953125	606.3784790039062
834.55859375	600.110595703125
835.7294921875	583.1591796875
836.8994140625	600.3856201171875
838.0703125	630.4423828125
839.2392578125	592.1102294921875
840.4091796875	630.7310791015625
841.578125	605.212646484375
842.7470703125	628.8806762695312
843.916015625	609.7686767578125
845.0849609375	631.308349609375
846.2529296875	601.4854736328125
847.4208984375	612.3279418945312
848.5888671875	582.4869384765625
849.755859375	640.4535522460938
850.9228515625	644.8848266601562
852.08984375	623.6024169921875
853.2568359375	587.3060302734375
854.4228515625	647.470458984375
855.5888671875	611.162841796875
856.7548828125	637.0413208007812
857.919921875	589.987548828125
859.0859375	637.3318481445312
860.2509765625	631.0379638671875
861.4150390625	590.39111328125
862.580078125	592.6729736328125
863.744140625	594.955810546875
864.908203125	610.1296997070312
866.0712890625	616.7151489257812
867.2353515625	550.2265014648438
868.3984375	612.6962280273438
869.5615234375	630.0380249023438
870.7236328125	621.5781860351562
871.8857421875	610.963134765625
873.0478515625	572.3702392578125
874.2099609375	596.1751708984375
875.3720703125	624.2963256835938
876.533203125	622.284912109375
877.6943359375	641.809814453125
878.8544921875	577.3291625976562
880.015625	599.0072631835938
881.17578125	590.5224609375
882.3359375	603.5905151367188
883.4951171875	629.6015014648438
884.6552734375	616.8043823242188
885.814453125	614.787109375
886.97265625	636.5028686523438
888.1318359375	604.2752685546875
889.2900390625	623.8397827148438
890.4482421875	576.4808349609375
891.6064453125	557.175048828125
892.763671875	585.38232421875
893.9208984375	600.638916015625
895.078125	613.7412109375
896.2353515625	626.8494262695312
897.3916015625	605.3709106445312
898.5478515625	609.8329467773438
899.7041015625	614.2969360351562
900.859375	618.7628173828125
902.015625	595.0988159179688
903.1708984375	590.9043579101562
904.3251953125	634.33740234375
905.48046875	619.3224487304688
906.634765625	638.9559326171875
907.7890625	628.26806640625
908.943359375	593.739013671875
910.0966796875	615.5473022460938
911.25	598.3429565429688
912.4033203125	574.6256103515625
913.556640625	592.1063842773438
914.708984375	605.2562255859375
915.861328125	666.1489868164062
917.013671875	599.0181884765625
918.1650390625	640.3992919921875
919.3173828125	634.0296020507812
920.46875	621.1415405273438
921.619140625	599.558349609375
922.7705078125	614.903076171875
923.9208984375	623.7347412109375
925.0712890625	604.3111572265625
926.2216796875	645.7583618164062
927.37109375	591.53466796875
928.5205078125	596.018310546875
929.669921875	626.61279296875
930.8193359375	611.5201416015625
931.9677734375	598.5973510742188
933.1162109375	555.1878662109375
934.2646484375	633.7097778320312
935.412109375	601.1793823242188
936.560546875	642.7093505859375
937.7080078125	610.1663208007812
938.8544921875	577.6085815429688
940.001953125	575.5581665039062
941.1484375	608.3969116210938
942.294921875	584.5411987304688
943.44140625	575.9459838867188
944.5869140625	584.8036499023438
945.7333984375	628.5867309570312
946.8779296875	633.0939331054688
948.0234375	583.0137939453125
949.16796875	653.0345458984375
950.3134765625	611.6744995117188
951.45703125	627.10693359375
952.6015625	585.722412109375
953.7451171875	616.4580078125
954.888671875	561.933349609375
956.0322265625	621.1082763671875
957.17578125	610.3099975585938
958.318359375	597.3187866210938
959.4609375	549.3062133789062
960.603515625	569.1298217773438
961.7451171875	623.9934692382812
962.8876953125	641.6526489257812
964.029296875	611.1302490234375
965.169921875	622.2215576171875
966.3115234375	620.1693115234375
967.4521484375	618.1161499023438
968.5927734375	572.2141723632812
969.7333984375	574.5349731445312
970.873046875	603.17724609375
972.0126953125	649.3831787109375
973.15234375	559.559814453125
974.2919921875	592.6074829101562
975.4306640625	605.911865234375
976.5693359375	557.7390747070312
977.7080078125	571.04150390625
978.8466796875	588.7434692382812
979.984375	610.8478393554688
981.1220703125	602.1930541992188
982.259765625	633.103271484375
983.396484375	584.8717041015625
984.5341796875	552.0133666992188
985.6708984375	547.7369995117188
986.8076171875	616.0665283203125
987.943359375	594.1965942382812
989.0791015625	585.5242309570312
990.21484375	574.6461791992188
991.3505859375	583.5830688476562
992.4853515625	596.9292602539062
993.62109375	552.9986572265625
994.755859375	572.9548950195312
995.8896484375	581.899169921875
997.0244140625	582.0287475585938
998.158203125	586.5686645507812
999.2919921875	621.9894409179688
1000.42578125	626.5401000976562
1001.55859375	628.8861694335938
1002.69140625	573.848388671875
1003.82421875	607.090087890625
1004.95703125	611.641357421875
1006.0888671875	596.3173217773438
1007.220703125	603.0771484375
1008.3525390625	550.1817016601562
1009.484375	607.7655029296875
1010.615234375	605.6900024414062
1011.74609375	554.9707641601562
1012.876953125	614.805419921875
1014.0068359375	575.1256103515625
1015.1376953125	570.828369140625
1016.267578125	586.4462280273438
1017.3974609375	595.430419921875
1018.5263671875	586.7067260742188
1019.6552734375	602.3383178710938
1020.7841796875	622.4067993164062
1021.9130859375	602.6057739257812
1023.0419921875	585.0119018554688
1024.169921875	611.7390747070312
1025.2978515625	618.525634765625
1026.42578125	612.0105590820312
1027.552734375	598.8387451171875
1028.6796875	585.6610717773438
1029.806640625	596.885498046875
1030.93359375	625.8699951171875
1032.060546875	603.8098754882812
1033.1865234375	632.8086547851562
1034.3125	597.4149169921875
1035.4375	610.87548828125
1036.5634765625	615.4545288085938
1037.6884765625	622.2579345703125
1038.8134765625	653.5155639648438
1039.9384765625	591.4069213867188
1041.0625	618.2238159179688
1042.1865234375	607.2391357421875
1043.310546875	562.8773193359375
1044.4345703125	640.8875732421875
1045.5576171875	620.9971923828125
1046.6806640625	607.7769165039062
1047.8037109375	625.7256469726562
1048.9267578125	637.0004272460938
1050.048828125	597.0415649414062
1051.1708984375	594.9453125
1052.29296875	644.1094360351562
1053.4150390625	584.062255859375
1054.5361328125	606.48876953125
1055.6572265625	628.9251098632812
1056.7783203125	597.833984375
1057.8994140625	633.6655883789062
1059.01953125	573.5494384765625
1060.1396484375	560.282958984375
1061.259765625	636.3184204101562
1062.3798828125	598.4947509765625
1063.4990234375	598.6268920898438
1064.6181640625	618.86669921875
1065.7373046875	630.1766967773438
1066.8564453125	594.55322265625
1067.974609375	608.098388671875
1069.0927734375	623.8856811523438
1070.2109375	632.9699096679688
1071.328125	606.2639770507812
1072.4462890625	572.833251953125
1073.5634765625	608.7695922851562
1074.6806640625	624.57421875
1075.796875	591.1253051757812
1076.9140625	653.964599609375
1078.0302734375	593.6260986328125
1079.1455078125	604.9599609375
1080.26171875	614.0576782226562
1081.376953125	614.1929931640625
1082.4921875	594.1497192382812
1083.607421875	551.6718139648438
1084.72265625	605.6268920898438
1085.8369140625	549.67138671875
1086.951171875	587.9413452148438
1088.0654296875	594.8045043945312
1089.1787109375	646.5714111328125
1090.29296875	626.5039672851562
1091.40625	595.197509765625
1092.5185546875	660.4777221679688
1093.6318359375	593.2125854492188
1094.744140625	622.560791015625
1095.8564453125	613.7057495117188
1096.96875	586.8588256835938
1098.0810546875	591.4859008789062
1099.1923828125	564.6221313476562
1100.3037109375	629.9959106445312
1101.4150390625	562.6201171875
1102.525390625	587.5045776367188
1103.63671875	621.4058227539062
1104.7470703125	571.9992065429688
1105.8564453125	581.134765625
1106.966796875	583.5155029296875
1108.076171875	574.6299438476562
1109.185546875	624.343017578125
1110.294921875	628.9891357421875
1111.404296875	642.6569213867188
1112.5126953125	622.4992065429688
1113.62109375	591.052978515625
1114.7294921875	629.5419921875
1115.8369140625	602.5972290039062
1116.9453125	584.6702880859375
1118.052734375	600.60400390625
1119.1591796875	612.0278930664062
1120.2666015625	596.3499145507812
1121.373046875	643.9281616210938
1122.4794921875	592.0919799804688
1123.5859375	571.87841796875
1124.6923828125	596.8735961914062
1125.7978515625	612.834228515625
1126.9033203125	588.0880737304688
1128.0087890625	601.791259765625
1129.11328125	586.0831909179688
1130.21875	645.0592651367188
1131.3232421875	588.6041259765625
1132.4267578125	584.2044677734375
1133.53125	591.1271362304688
1134.634765625	545.94970703125
1135.73828125	555.1327514648438
1136.841796875	584.7168579101562
1137.9453125	602.979736328125
1139.0478515625	566.83447265625
1140.150390625	591.9048461914062
1141.2529296875	569.3511962890625
1142.35546875	558.1317749023438
1143.45703125	590.0245971679688
1144.55859375	608.3123779296875
1145.66015625	599.3643188476562
1146.76171875	579.0582275390625
1147.8623046875	599.6267700195312
1148.962890625	624.7479858398438
1150.0634765625	647.6078491210938
1151.1630859375	588.6566162109375
1152.263671875	600.1519775390625
1153.36328125	602.5570678710938
1154.462890625	618.6090087890625
1155.5615234375	518.6533813476562
1156.6611328125	605.2279663085938
1157.759765625	664.5308837890625
1158.8583984375	616.8741455078125
1159.9560546875	582.8572998046875
1161.0546875	596.6484375
1162.15234375	599.0567016601562
1163.25	610.5790405273438
1164.34765625	571.9732666015625
1165.4443359375	572.0983276367188
1166.541015625	579.0626831054688
1167.6376953125	592.870849609375
1168.734375	606.6849975585938
1169.830078125	609.098876953125
1170.92578125	579.5689086914062
1172.021484375	604.8004760742188
1173.1171875	625.4774780273438
1174.2119140625	559.3994140625
1175.3076171875	564.089111328125
1176.40234375	557.3594970703125
1177.49609375	589.4678344726562
1178.5908203125	562.1734008789062
1179.6845703125	619.4400634765625
1180.7783203125	573.8501586914062
1181.8720703125	587.6959228515625
1182.96484375	574.1006469726562
1184.0576171875	633.70751953125
1185.150390625	638.4222412109375
1186.2431640625	631.6953125
1187.3359375	586.048095703125
1188.427734375	588.4656982421875
1189.51953125	574.8525390625
1190.611328125	616.2113647460938
1191.7021484375	604.8894653320312
1192.7939453125	607.3131103515625
1193.884765625	570.7695922851562
1194.974609375	586.9432373046875
1196.0654296875	587.0711669921875
1197.1552734375	548.2054443359375
1198.2451171875	605.6810302734375
1199.3349609375	601.2235717773438
1200.4248046875	596.7640380859375
1201.513671875	576.2323608398438
1202.6025390625	576.35791015625
1203.69140625	560.4061889648438
1204.7802734375	613.3649291992188
1205.8681640625	618.093994140625
1206.9560546875	553.877685546875
1208.0439453125	590.7782592773438
1209.1318359375	613.8993530273438
1210.21875	568.0380249023438
1211.3056640625	607.2659301757812
1212.392578125	628.1048583984375
1213.4794921875	561.5052490234375
1214.5654296875	563.92919921875
1215.65234375	577.8654174804688
1216.73828125	541.1470947265625
1217.8232421875	536.6583251953125
1218.9091796875	582.8501586914062
1219.994140625	573.7598876953125
1221.0791015625	571.5799560546875
1222.1640625	562.4832153320312
1223.248046875	594.8861694335938
1224.33203125	588.0967407226562
1225.416015625	620.519287109375
1226.5	565.27978515625
1227.583984375	604.6347045898438
1228.6669921875	618.61572265625
1229.75	609.5150756835938
1230.8330078125	600.4104614257812
1231.916015625	591.3018188476562
1232.998046875	579.87890625
1234.080078125	610.0449829101562
1235.162109375	630.97900390625
1236.2431640625	621.868896484375
1237.3251953125	598.8811645507812
1238.40625	592.0728759765625
1239.4873046875	592.201416015625
1240.5673828125	615.4678955078125
1241.6484375	590.144287109375
1242.728515625	599.5315551757812
1243.80859375	604.2922973632812
1244.888671875	611.370849609375
1245.9677734375	634.66650390625
1247.046875	581.5177612304688
1248.1259765625	570.057373046875
1249.205078125	632.7619018554688
1250.2841796875	623.6259155273438
1251.3623046875	623.7611694335938
1252.4404296875	605.3419189453125
1253.5185546875	628.6714477539062
1254.595703125	594.0028686523438
1255.6728515625	589.4900512695312
1256.75	617.4738159179688
1257.8271484375	592.0675048828125
1258.904296875	538.7821044921875
1259.98046875	601.6155395507812
1261.056640625	578.5125122070312
1262.1328125	571.6663208007812
1263.208984375	595.03369140625
1264.2841796875	648.6342163085938
1265.359375	613.8944091796875
1266.4345703125	576.8135986328125
1267.509765625	588.5703735351562
1268.583984375	600.3321533203125
1269.6591796875	595.8074340820312
1270.732421875	619.2152099609375
1271.806640625	584.423583984375
1272.880859375	584.5501098632812
1273.9541015625	584.6766357421875
1275.02734375	596.45263671875
1276.1005859375	643.189697265625
1277.1728515625	543.10009765625
1278.2451171875	622.4854125976562
1279.318359375	571.3180541992188
1280.3896484375	594.7658081054688
1281.4619140625	608.8919677734375
1282.533203125	569.35546875
1283.6044921875	583.482177734375
1284.67578125	602.2838745117188
1285.7470703125	586.0695190429688
1286.8173828125	565.17724609375
1287.8876953125	607.3464965820312
1288.9580078125	581.7767944335938
1290.0283203125	609.946044921875
1291.09765625	579.6908569335938
1292.16796875	628.9134521484375
1293.2373046875	608.0031127929688
1294.3056640625	570.7108154296875
1295.375	610.6053466796875
1296.443359375	549.8975219726562
1297.51171875	587.4642333984375
1298.580078125	608.6600952148438
1299.6474609375	615.8160400390625
1300.7158203125	606.5809936523438
1301.783203125	606.7119750976562
1302.8505859375	597.4708862304688
1303.9169921875	599.943359375
1304.984375	581.320556640625
1306.05078125	625.9923095703125
1307.1171875	565.1561889648438
1308.1826171875	619.225830078125
1309.2490234375	602.9370727539062
1310.314453125	607.76025390625
1311.3798828125	577.3794555664062
1312.4453125	568.1136474609375
1313.509765625	601.109375
1314.57421875	612.98193359375
1315.638671875	554.38671875
1316.703125	589.7503051757812
1317.767578125	589.87744140625
1318.8310546875	557.095947265625
1319.89453125	557.216064453125
1320.9580078125	559.687744140625
1322.021484375	562.1605224609375
1323.083984375	562.2816162109375
1324.146484375	576.5216674804688
1325.208984375	543.6947021484375
1326.271484375	590.8950805664062
1327.3330078125	548.6382446289062
1328.39453125	536.9805297851562
1329.4560546875	544.1632080078125
1330.517578125	579.623291015625
1331.578125	565.6078491210938
1332.6396484375	563.3723754882812
1333.7001953125	556.4205322265625
1334.7607421875	580.1224975585938
1335.8203125	592.0409545898438
1336.8798828125	582.7314453125
1337.9404296875	613.533447265625
1338.9990234375	599.5039672851562
1340.05859375	542.9746704101562
1341.1171875	585.5942993164062
1342.1767578125	557.37890625
1343.2353515625	574.0347290039062
1344.29296875	609.6000366210938
1345.3515625	550.6486206054688
1346.4091796875	543.6755981445312
1347.466796875	541.4281005859375
1348.5244140625	603.0299072265625
1349.5810546875	560.58349609375
1350.638671875	600.9232177734375
1351.6953125	558.4580688476562
1352.7509765625	551.4774780273438
1353.8076171875	577.636962890625
1354.86328125	603.8076171875
1355.919921875	563.6748046875
1356.974609375	556.6891479492188
1358.0302734375	528.3759155273438
1359.0859375	566.4078369140625
1360.140625	564.1589965820312
1361.1953125	521.6034545898438
1362.2490234375	538.3154296875
1363.3037109375	547.918701171875
1364.357421875	540.9189453125
1365.4111328125	588.4942016601562
1366.46484375	553.0183715820312
1367.5185546875	576.8767700195312
1368.5712890625	579.3749389648438
1369.6240234375	527.249267578125
1370.6767578125	541.6153564453125
1371.7294921875	515.5952758789062
1372.78125	532.3414916992188
1373.8330078125	520.5704345703125
1374.884765625	549.2125244140625
1375.9365234375	516.0374755859375
1376.98828125	492.3623962402344
1378.0390625	523.3958129882812
1379.08984375	554.4425048828125
1380.140625	537.9005737304688
1381.1904296875	533.2545776367188
1382.2412109375	538.1309814453125
1383.291015625	581.1153564453125
1384.3408203125	509.77587890625
1385.3896484375	562.3031005859375
1386.439453125	552.8908081054688
1387.48828125	538.7071533203125
1388.537109375	541.2066040039062
1389.5859375	546.0917358398438
1390.6337890625	505.66033935546875
1391.6826171875	539.1683349609375
1392.73046875	513.0352783203125
1393.7783203125	553.71923828125
1394.8251953125	498.93133544921875
1395.8720703125	537.2418823242188
1396.919921875	546.9097290039062
1397.966796875	563.7479248046875
1399.0126953125	580.5933227539062
1400.0595703125	580.7174072265625
1401.10546875	552.157958984375
1402.1513671875	566.6207275390625
1403.197265625	530.8720092773438
1404.2421875	550.1199951171875
1405.2880859375	564.5914916992188
1406.3330078125	559.9263305664062
1407.376953125	586.372802734375
1408.421875	572.134765625
1409.466796875	589.0175170898438
1410.5107421875	584.3534545898438
1411.5546875	565.31494140625
1412.59765625	565.435546875
1413.6416015625	575.141845703125
1414.6845703125	572.8675537109375
1415.7275390625	577.78466796875
1416.7705078125	553.9282836914062
1417.8125	532.4601440429688
1418.85546875	566.1593627929688
1419.8974609375	561.4810791015625
1420.939453125	566.4007568359375
1421.9814453125	542.5162963867188
1423.0224609375	530.626708984375
1424.0634765625	530.73974609375
1425.1044921875	535.6569213867188
1426.1455078125	511.7453918457031
1427.185546875	528.6758422851562
1428.2265625	516.7705078125
1429.2666015625	495.24365234375
1430.306640625	514.5859375
1431.345703125	541.1517333984375
1432.3857421875	529.23876953125
1433.4248046875	531.7575073242188
1434.4638671875	541.4972534179688
1435.5029296875	544.0195922851562
1436.541015625	558.5813598632812
1437.5791015625	561.1083374023438
1438.6171875	566.0449829101562
1439.6552734375	493.888916015625
1440.693359375	518.0911254882812
1441.73046875	508.560302734375
1442.767578125	542.4188842773438
1443.8046875	523.2440185546875
1444.841796875	542.6493530273438
1445.8779296875	542.7645874023438
1446.9140625	538.0542602539062
1447.9501953125	530.9285888671875
1448.986328125	576.9039306640625
1450.0224609375	514.253662109375
1451.0576171875	473.31036376953125
1452.0927734375	509.6412353515625
1453.1279296875	529.0763549804688
1454.1630859375	512.2738647460938
1455.197265625	551.0529174804688
1456.2314453125	556.0045776367188
1457.265625	556.1224975585938
1458.2998046875	493.3610534667969
1459.333984375	561.1962280273438
1460.3671875	488.7312927246094
1461.400390625	571.114013671875
1462.43359375	549.4506225585938
1463.466796875	535.041015625
1464.4990234375	530.311279296875
1465.53125	523.1575317382812
1466.5634765625	508.7330627441406
1467.595703125	525.8021240234375
1468.626953125	511.3720397949219
1469.6591796875	538.1451416015625
1470.6904296875	572.2032470703125
1471.7216796875	523.822265625
1472.751953125	492.4000549316406
1473.783203125	531.322265625
1474.8134765625	516.874755859375
1475.84375	543.6827392578125
1476.8740234375	568.0743408203125
1477.9033203125	497.77716064453125
1478.9326171875	483.3102111816406
1479.9619140625	534.4256591796875
1480.9912109375	522.3899536132812
1482.0205078125	529.791015625
1483.048828125	491.0109558105469
1484.0771484375	525.1522827148438
1485.10546875	522.8313598632812
1486.1337890625	498.61883544921875
1487.162109375	496.2912902832031
1488.189453125	501.26263427734375
1489.216796875	537.8757934570312
1490.244140625	496.6054382324219
1491.2705078125	477.2313537597656
1492.2978515625	494.3795471191406
1493.32421875	494.4837646484375
1494.3505859375	533.5703125
1495.376953125	509.3136901855469
1496.40234375	506.98358154296875
1497.4287109375	543.659423828125
1498.4541015625	504.75872802734375
1499.478515625	521.937744140625
1500.50390625	509.85028076171875
1501.5283203125	519.7175903320312
1502.5537109375	492.9814453125
1503.578125	497.96722412109375
1504.6015625	505.3965759277344
1505.6259765625	485.966552734375
1506.6494140625	493.3964538574219
1507.6728515625	522.8170166015625
1508.6962890625	522.9269409179688
1509.7197265625	515.70458984375
1510.7421875	525.5914306640625
1511.7646484375	557.488525390625
1512.787109375	518.4754028320312
1513.8095703125	538.1535034179688
1514.83203125	528.4798583984375
1515.853515625	457.62261962890625
1516.875	516.46337890625
1517.896484375	479.8486328125
1518.91796875	475.0519104003906
1519.9384765625	499.6439208984375
1520.958984375	482.6004943847656
1521.9794921875	504.7540588378906
1523.0	485.2536926269531
1524.0205078125	495.16058349609375
1525.0400390625	473.1981506347656
1526.0595703125	490.4635314941406
1527.0791015625	483.2077941894531
1528.0986328125	436.6954650878906
1529.1171875	483.4102478027344
1530.13671875	532.5989379882812
1531.1552734375	483.6127014160156
1532.1728515625	459.159912109375
1533.19140625	503.46246337890625
1534.208984375	459.3520812988281
1535.2265625	479.1037292480469
1536.244140625	452.1719055175781
1537.26171875	484.2200622558594
1538.279296875	501.5306701660156
1539.2958984375	499.176513671875
1540.3125	489.4427795410156
1541.3291015625	494.465087890625
1542.345703125	455.1997375488281
1543.361328125	479.90533447265625
1544.376953125	477.5439453125
1545.392578125	482.56781005859375
1546.408203125	482.66851806640625
1547.4228515625	502.4740905761719
1548.4384765625	487.79718017578125
1549.453125	480.50653076171875
1550.4677734375	502.78857421875
1551.482421875	480.7069091796875
1552.49609375	525.1892700195312
1553.509765625	503.10302734375
1554.5234375	478.540771484375
1555.537109375	523.0504150390625
1556.55078125	520.6915893554688
1557.5634765625	513.395263671875
1558.576171875	523.377197265625
1559.5888671875	503.7319030761719
1560.6015625	498.8971252441406
1561.6142578125	503.9414978027344
1562.6259765625	528.7544555664062
1563.6376953125	506.6224365234375
1564.6494140625	489.42486572265625
1565.66015625	531.556640625
1566.671875	511.8841247558594
1567.6826171875	489.72998046875
1568.693359375	479.93609619140625
1569.7041015625	492.4078063964844
1570.71484375	467.7607727050781
1571.724609375	509.9403076171875
1572.734375	495.1903991699219
1573.744140625	554.728271484375
1574.75390625	487.96490478515625
1575.7626953125	470.7236328125
1576.7724609375	545.161376953125
1577.78125	508.0965881347656
1578.7900390625	475.97442626953125
1579.7978515625	471.1139221191406
1580.806640625	508.4123840332031
1581.814453125	463.8673095703125
1582.822265625	463.96331787109375
1583.830078125	441.72491455078125
1584.8369140625	533.654541015625
1585.8447265625	446.8729553222656
1586.8515625	506.56072998046875
1587.8583984375	501.6981506347656
1588.865234375	476.9601745605469
1589.87109375	486.9974365234375
1590.876953125	434.9089660644531
1591.8828125	487.1986389160156
1592.888671875	462.43701171875
1593.89453125	472.4794006347656
1594.900390625	475.0641784667969
1595.9052734375	485.11322021484375
1596.91015625	432.95953369140625
1597.9150390625	465.4030456542969
1598.9189453125	443.09527587890625
1599.923828125	443.1866149902344
1600.927734375	445.76824951171875
1601.931640625	475.7501220703125
1602.935546875	475.8481140136719
1603.9384765625	423.6169128417969
1604.94140625	421.21173095703125
1605.9453125	463.67755126953125
1606.9482421875	493.6937561035156
1607.9501953125	463.8683166503906
1608.953125	451.4915466308594
1609.955078125	451.5843505859375
1610.95703125	446.68621826171875
1611.958984375	481.7215270996094
1612.9609375	489.3099060058594
1613.9619140625	439.47052001953125
1614.962890625	462.03826904296875
1615.9638671875	442.1489562988281
1616.96484375	442.2396545410156
1617.9658203125	424.8370666503906
1618.9658203125	437.4219665527344
1619.9658203125	475.0126037597656
1620.9658203125	467.60821533203125
1621.9658203125	450.1963806152344
1622.9658203125	462.7966003417969
1623.96484375	457.8871154785156
1624.9638671875	483.00714111328125
1625.962890625	433.0431823730469
1626.9619140625	460.67193603515625
1627.9599609375	468.27862548828125
1628.958984375	445.8323059082031
1629.95703125	450.9338073730469
1630.9541015625	453.5316467285156
1631.9521484375	468.66156005859375
1632.9501953125	491.3177795410156
1633.947265625	446.287841796875
1634.9443359375	448.88665771484375
1635.94140625	443.96173095703125
1636.9375	454.0873718261719
1637.9345703125	466.72637939453125
1638.9306640625	446.7431640625
1639.9267578125	401.64874267578125
1640.9228515625	497.1415710449219
1641.91796875	426.9256591796875
1642.9140625	437.0599365234375
1643.9091796875	422.07476806640625
1644.904296875	469.905029296875
1645.8994140625	467.48724365234375
1646.8935546875	487.693359375
1647.888671875	475.22052001953125
1648.8828125	437.5935363769531
1649.876953125	457.8057556152344
1650.8701171875	415.12799072265625
1651.8642578125	430.3108825683594
1652.857421875	430.3982238769531
1653.8505859375	400.2760314941406
1654.84375	433.0908508300781
1655.8369140625	392.8829650878906
1656.8291015625	453.41839599609375
1657.822265625	418.23724365234375
1658.814453125	435.9620666503906
1659.806640625	395.72198486328125
1660.7978515625	458.8279113769531
1661.7900390625	428.6622619628906
1662.78125	406.0505065917969
1663.7724609375	408.6551818847656
1664.763671875	401.1685791015625
1665.7548828125	413.8675842285156
1666.7451171875	421.5234680175781
1667.7353515625	421.6086120605469
1668.7255859375	424.2188415527344
1669.7158203125	409.1507568359375
1670.7060546875	378.9197082519531
1671.6953125	424.4756774902344
1672.6845703125	414.4526672363281
1673.673828125	386.7319641113281
1674.6630859375	386.80987548828125
1675.65234375	402.05987548828125
1676.640625	429.9618835449219
1677.62890625	440.1672058105469
1678.6171875	412.42352294921875
1679.60546875	394.7914733886719
1680.59375	402.46453857421875
1681.5810546875	427.7767639160156
