1681.581055	336.652710
1680.593750	341.715149
1679.605469	316.339325
1678.617188	361.819397
1677.628906	359.216919
1676.640625	326.265198
1675.652344	341.371582
1674.663086	384.281708
1673.673828	381.676636
1672.684570	303.258057
1671.695312	368.889587
1670.706055	346.080017
1669.715820	348.535828
1668.725586	330.789703
1667.735352	363.542755
1666.745117	368.517548
1665.754883	343.207275
1664.763672	378.460938
1663.772461	373.339294
1662.781250	360.653564
1661.790039	320.235931
1660.797852	368.070740
1659.806641	357.914154
1658.814453	383.041809
1657.822266	337.613220
1656.829102	322.430847
1655.836914	362.661194
1654.843750	362.587677
1653.850586	390.206207
1652.857422	377.542297
1651.864258	349.784882
1650.870117	369.841278
1649.876953	357.189117
1648.882812	362.146362
1647.888672	364.587189
1646.893555	364.513092
1645.899414	319.198273
1644.904297	344.261963
1643.909180	361.778381
1642.914062	346.633728
1641.917969	361.631134
1640.922852	351.514221
1639.926758	376.545685
1638.930664	336.312286
1637.934570	336.243744
1636.937500	343.701508
1635.941406	358.680939
1634.944336	356.100037
1633.947266	363.549072
1632.950195	381.021942
1631.952148	358.388245
1630.954102	343.280853
1629.957031	388.304108
1628.958984	395.738770
1627.959961	405.674530
1626.961914	370.540466
1625.962891	403.005493
1624.963867	380.399384
1623.964844	375.317322
1622.965820	372.738892
1621.965820	392.671295
1620.965820	382.588531
1619.965820	352.509369
1618.965820	397.429077
1617.965820	367.359131
1616.964844	377.277924
1615.963867	377.200531
1614.962891	367.133118
1613.961914	384.536713
1612.960938	411.919037
1611.958984	381.882874
1610.957031	399.272614
1609.955078	384.220917
1608.953125	396.614105
1607.950195	386.556915
1606.948242	376.503815
1605.945312	376.426392
1604.941406	393.795593
1603.938477	356.336578
1602.935547	363.737305
1601.931641	396.043304
1600.927734	373.548798
1599.923828	388.410736
1598.918945	390.820007
1597.915039	410.649750
1596.910156	365.776154
1595.905273	398.041626
1594.900391	397.959503
1593.894531	368.036591
1592.888672	435.088593
1591.882812	402.684601
1590.876953	362.838348
1589.871094	372.702118
1588.865234	387.530121
1587.858398	382.482758
1586.851562	382.403687
1585.844727	377.359375
1584.836914	399.620361
1583.830078	377.203308
1582.822266	396.973969
1581.814453	406.814117
1580.806641	414.170074
1579.797852	411.604797
1578.790039	381.771149
1577.781250	391.606140
1576.772461	396.481018
1575.762695	421.173767
1574.753906	401.270630
1573.744141	401.187439
1572.734375	391.200409
1571.724609	405.971893
1570.714844	395.987976
1569.704102	386.008148
1568.693359	430.458160
1567.682617	408.108337
1566.671875	400.604950
1565.660156	427.717651
1564.649414	395.494843
1563.637695	383.056000
1562.625977	360.739014
1561.614258	405.129456
1560.601562	390.226471
1559.588867	414.838043
1558.576172	444.376831
1557.563477	431.943115
1556.550781	412.111359
1555.537109	379.951721
1554.523438	389.739410
1553.509766	421.718719
1552.496094	401.905426
1551.482422	438.799133
1550.467773	374.626770
1549.453125	391.797607
1548.438477	386.788666
1547.422852	445.822601
1546.408203	411.253265
1545.392578	406.243317
1544.376953	433.235748
1543.361328	413.456909
1542.345703	408.449493
1541.329102	415.744263
1540.312500	388.602814
1539.295898	410.652588
1538.279297	417.942230
1537.261719	415.396912
1536.244141	378.448212
1535.226562	390.653809
1534.208984	449.526367
1533.191406	373.299011
1532.172852	387.953308
1531.155273	419.785645
1530.136719	395.154053
1529.117188	402.432892
1528.098633	402.348633
1527.079102	429.245514
1526.059570	426.703278
1525.040039	397.192230
1524.020508	406.914154
1523.000000	392.124207
1521.979492	401.843048
1520.958984	401.758789
1519.938477	384.529877
1518.917969	450.564697
1517.896484	403.954224
1516.875000	452.823303
1515.853516	423.362122
1514.832031	428.166565
1513.809570	423.184357
1512.787109	447.551880
1511.764648	454.793243
1510.742188	437.585419
1509.719727	430.161194
1508.696289	427.627197
1507.672852	420.208099
1506.649414	410.349518
1505.625977	427.357544
1504.601562	405.293884
1503.578125	395.444550
1502.553711	388.039856
1501.528320	395.278168
1500.503906	456.181854
1499.478516	407.306580
1498.454102	424.289948
1497.428711	433.952332
1496.402344	428.986115
1495.376953	406.963562
1494.350586	477.533234
1493.324219	423.843231
1492.297852	428.624634
1491.270508	433.403992
1490.244141	430.878265
1489.216797	455.125671
1488.189453	462.329590
1487.162109	430.605652
1486.133789	462.134552
1485.105469	440.151062
1484.077148	427.901855
1483.048828	452.118988
1482.020508	435.011902
1480.991211	447.068634
1479.961914	420.252930
1478.932617	425.021545
1477.903320	441.929016
1476.874023	453.973969
1475.843750	463.586639
1474.813477	417.382446
1473.783203	453.686127
1472.751953	485.123199
1471.721680	453.494263
1470.690430	431.577026
1469.659180	506.632111
1468.626953	513.795593
1467.595703	440.995331
1466.563477	433.634369
1465.531250	479.561066
1464.499023	452.822876
1463.466797	493.884003
1462.433594	462.313049
1461.400391	474.315002
1460.367188	471.795044
1459.333984	437.829803
1458.299805	503.034790
1457.265625	473.913086
1456.231445	468.977783
1455.197266	451.960052
1454.163086	468.778931
1453.127930	468.679504
1452.092773	442.011108
1451.057617	485.384613
1450.022461	504.596313
1448.986328	480.350983
1447.950195	477.835724
1446.914062	475.321472
1445.877930	434.211700
1444.841797	482.354980
1443.804688	446.083588
1442.767578	450.810364
1441.730469	462.765778
1440.693359	484.354980
1439.655273	496.298126
1438.617188	496.192657
1437.579102	426.249664
1436.541016	445.420471
1435.502930	450.140106
1434.463867	447.637726
1433.424805	459.573212
1432.385742	449.852936
1431.345703	420.895813
1430.306641	504.967499
1429.266602	415.908508
1428.226562	495.138245
1427.185547	475.808289
1426.145508	415.642975
1425.104492	449.183167
1424.063477	441.882904
1423.022461	477.804169
1421.981445	458.498260
1420.939453	470.400604
1419.897461	479.898346
1418.855469	486.993011
1417.812500	491.686157
1416.770508	455.612000
1415.727539	486.681671
1414.684570	476.990173
1413.641602	522.420532
1412.597656	531.892761
1411.554688	488.662048
1410.510742	447.844666
1409.466797	486.059204
1408.421875	469.198395
1407.376953	476.278320
1406.333008	445.069641
1405.288086	492.821381
1404.242188	464.014252
1403.197266	437.610718
1402.151367	466.206909
1401.105469	435.033508
1400.059570	463.618011
1399.012695	477.854584
1397.966797	446.698578
1396.919922	439.438385
1395.872070	491.874786
1394.825195	484.607941
1393.778320	422.449615
1392.730469	443.835205
1391.682617	431.811798
1390.633789	467.497314
1389.585938	460.243286
1388.537109	443.455627
1387.488281	445.744446
1386.439453	455.181671
1385.389648	490.823853
1384.340820	454.986877
1383.291016	483.468933
1382.241211	471.459900
1381.190430	504.687378
1380.140625	452.217316
1379.089844	464.018402
1378.039062	461.539948
1376.988281	466.198212
1375.936523	470.854462
1374.884766	480.263763
1373.833008	530.078552
1372.781250	458.669250
1371.729492	494.211182
1370.676758	539.239868
1369.624023	482.124329
1368.571289	493.893402
1367.518555	455.803864
1366.464844	481.814301
1365.411133	512.559448
1364.357422	531.429138
1363.303711	500.479858
1362.249023	479.029602
1361.195312	474.184967
1360.140625	471.712799
1359.085938	497.680542
1358.030273	466.771545
1356.974609	516.418030
1355.919922	499.728516
1354.863281	504.356964
1353.807617	478.207642
1352.750977	506.507233
1351.695312	461.437836
1350.638672	546.508911
1349.581055	484.892914
1348.524414	524.990723
1347.466797	496.506134
1346.409180	529.492737
1345.351562	496.292755
1344.292969	526.902344
1343.235352	507.890839
1342.176758	479.440338
1341.117188	538.368958
1340.058594	538.253174
1338.999023	486.211884
1337.940430	500.265747
1336.879883	540.265198
1335.820312	523.637817
1334.760742	535.316284
1333.700195	521.054810
1332.639648	485.584595
1331.578125	542.040833
1330.517578	508.937500
1329.456055	544.163208
1328.394531	525.204651
1327.333008	532.155579
1326.271484	550.874268
1325.208984	498.975189
1324.146484	522.399231
1323.083984	529.344604
1322.021484	479.835754
1320.958008	507.951904
1319.894531	503.140228
1318.831055	540.641663
1317.767578	517.024048
1316.703125	498.115784
1315.638672	530.895752
1314.574219	516.689758
1313.509766	528.318787
1312.445312	490.643616
1311.379883	511.661469
1310.314453	492.778595
1309.249023	534.901367
1308.182617	497.257141
1307.117188	518.255249
1306.050781	513.454346
1304.984375	489.903229
1303.916992	510.889282
1302.850586	569.354553
1301.783203	501.298676
1300.715820	543.346680
1299.647461	533.863342
1298.580078	500.974091
1297.511719	535.973328
1296.443359	507.777710
1295.375000	477.254761
1294.305664	505.219421
1293.237305	535.510437
1292.167969	544.746582
1291.097656	497.879639
1290.028320	514.130798
1288.958008	474.299957
1287.887695	553.619690
1286.817383	516.132935
1285.747070	502.011749
1284.675781	522.913086
1283.604492	497.126831
1282.533203	529.687256
1281.461914	524.906860
1280.389648	538.787842
1279.318359	480.373566
1278.245117	559.537476
1277.172852	487.158447
1276.100586	498.705048
1275.027344	505.586792
1273.954102	517.124329
1272.880859	540.301270
1271.806641	493.616699
1270.732422	505.149231
1269.659180	493.403015
1268.583984	546.814209
1267.509766	532.737610
1266.434570	544.251526
1265.359375	520.880066
1264.284180	553.315247
1263.208984	516.005798
1262.132812	525.189392
1261.056641	511.135529
1259.980469	529.607483
1258.904297	531.815063
1257.827148	552.596313
1256.750000	566.404541
1255.672852	543.073486
1254.595703	540.635437
1253.518555	552.117310
1252.440430	507.930603
1251.362305	519.414551
1250.284180	533.211731
1249.205078	516.871460
1248.125977	565.422791
1247.046875	521.280823
1245.967773	523.484070
1244.888672	509.475708
1243.808594	525.572205
1242.728516	541.661743
1241.648438	573.944275
1240.567383	550.681763
1239.487305	559.815369
1238.406250	504.187042
1237.325195	527.200378
1236.243164	508.591675
1235.162109	513.103821
1234.080078	543.032471
1232.998047	533.673401
1231.916016	579.752930
1230.833008	563.462097
1229.750000	554.104614
1228.666992	507.818878
1227.583984	519.247375
1226.500000	542.207153
1225.416016	528.248718
1224.332031	511.990082
1223.248047	521.101807
1222.164062	555.567444
1221.079102	495.522949
1219.994141	488.502411
1218.909180	506.826233
1217.823242	598.846191
1216.738281	561.871887
1215.652344	534.122620
1214.565430	547.816956
1213.479492	563.806519
1212.392578	522.270325
1211.305664	538.258423
1210.218750	531.242004
1209.131836	526.527893
1208.043945	505.724579
1206.956055	519.403931
1205.868164	549.161621
1204.780273	530.664062
1203.691406	525.955017
1202.602539	535.025452
1201.513672	523.430176
1200.424805	507.249451
1199.334961	504.844208
1198.245117	516.205444
1197.155273	486.274261
1196.065430	509.100769
1194.974609	490.647858
1193.884766	515.755615
1192.793945	529.393677
1191.702148	499.492065
1190.611328	497.092438
1189.519531	499.274292
1188.427734	494.585938
1187.335938	540.263062
1186.243164	526.412720
1185.150391	528.586182
1184.057617	528.470886
1182.964844	521.493835
1181.872070	514.519775
1180.778320	541.842590
1179.684570	532.581299
1178.590820	500.471466
1177.496094	541.487915
1176.402344	543.653931
1175.307617	552.670288
1174.211914	538.850037
1173.117188	534.166870
1172.021484	506.663025
1170.925781	524.806519
1169.830078	492.754120
1168.734375	520.015747
1167.637695	492.538849
1166.541016	519.788513
1165.444336	510.557861
1164.347656	540.070374
1163.250000	553.622070
1162.152344	469.223114
1161.054688	528.329895
1159.956055	525.937622
1158.858398	514.441223
1157.759766	541.638184
1156.661133	500.564453
1155.561523	523.202942
1154.462891	495.796936
1153.363281	541.164490
1152.263672	511.493134
1151.163086	554.564514
1150.063477	511.269318
1148.962891	506.613831
1147.862305	501.960327
1146.761719	513.204529
1145.660156	488.118652
1144.558594	512.979858
1143.457031	531.022095
1142.355469	528.637024
1141.252930	521.716248
1140.150391	483.048798
1139.047852	476.140961
1137.945312	544.041870
1136.841797	512.193848
1135.738281	514.347473
1134.634766	541.419006
1133.531250	516.386902
1132.426758	475.515259
1131.323242	527.479858
1130.218750	520.574097
1129.113281	547.614441
1128.008789	497.722107
1126.903320	506.660461
1125.797852	517.856262
1124.692383	551.655945
1123.585938	549.274536
1122.479492	562.713379
1121.373047	519.661316
1120.266602	533.100708
1119.159180	553.309326
1118.052734	562.219543
1116.945312	514.690430
1115.836914	514.577393
1114.729492	546.054382
1113.621094	518.863342
1112.512695	527.771057
1111.404297	529.910095
1110.294922	543.320312
1109.185547	538.693054
1108.076172	534.067810
1106.966797	569.997742
1105.856445	547.347900
1104.747070	517.952026
1103.636719	535.849915
1102.525391	526.728210
1101.415039	533.363831
1100.303711	490.496826
1099.192383	517.382874
1098.081055	555.501953
1096.968750	598.101318
1095.856445	519.289490
1094.744141	507.937683
1093.631836	579.730469
1092.518555	559.384155
1091.406250	539.046814
1090.292969	502.999603
1089.178711	502.888855
1088.065430	599.293579
1086.951172	522.863892
1085.836914	527.235840
1084.722656	520.390503
1083.607422	562.884705
1082.492188	535.855774
1081.376953	551.428772
1080.261719	562.512695
1079.145508	560.148132
1078.030273	557.784546
1076.914062	553.182373
1075.796875	539.625732
1074.680664	541.745361
1073.563477	514.768433
1072.446289	541.506470
1071.328125	525.727051
1070.210938	541.267578
1069.092773	556.801147
1067.974609	520.907837
1066.856445	527.498352
1065.737305	549.728577
1064.618164	522.797119
1063.499023	545.018555
1062.379883	542.664978
1061.259766	513.520142
1060.139648	555.818542
1059.019531	569.086060
1057.899414	571.191528
1056.778320	537.604492
1055.657227	524.104309
1054.536133	526.218201
1053.415039	566.228271
1052.292969	586.161865
1051.170898	543.695374
1050.048828	539.119629
1048.926758	527.864014
1047.803711	552.241821
1046.680664	578.835144
1045.557617	543.094360
1044.434570	571.903137
1043.310547	567.326965
1042.186523	587.220215
1041.062500	567.075806
1039.938477	531.376892
1038.813477	613.504395
1037.688477	568.921570
1036.563477	553.242554
1035.437500	557.562744
1034.312500	544.113953
1033.186523	557.315674
1032.060547	552.752380
1030.933594	579.262634
1029.806641	568.039734
1028.679688	556.821716
1027.552734	541.172791
1026.425781	541.052795
1025.297852	532.065063
1024.169922	523.081238
1023.041992	538.476868
1021.913086	522.849121
1020.784180	573.677429
1019.655273	544.761902
1018.526367	575.636780
1017.397461	522.385071
1016.267578	537.760132
1015.137695	579.678406
1014.006836	530.885193
1012.876953	524.132690
1011.746094	530.649353
1010.615234	554.847412
1009.484375	510.523010
1008.352539	523.666931
1007.220703	501.459747
1006.088867	499.139679
1004.957031	538.774292
1003.824219	551.900085
1002.691406	580.469727
1001.558594	569.307495
1000.425781	540.501160
999.291992	529.352661
998.158203	553.491455
997.024414	553.368225
995.889648	522.386719
994.755859	583.973267
993.621094	559.608154
992.485352	544.064697
991.350586	528.528076
990.214844	515.200012
989.079102	539.298584
987.943359	512.769653
986.807617	510.455109
985.670898	510.341278
984.534180	525.622253
983.396484	518.908752
982.259766	525.387817
981.122070	529.666138
979.984375	525.153381
978.846680	588.743469
977.708008	551.274719
976.569336	518.214294
975.430664	507.121887
974.291992	535.541565
973.152344	542.005005
972.012695	513.363708
970.873047	548.342957
969.733398	532.870239
968.592773	519.596741
967.452148	530.440125
966.311523	532.512878
965.169922	519.248291
964.029297	530.084290
962.887695	549.675171
961.745117	549.552185
960.603516	562.562927
959.460938	538.363831
958.318359	538.243286
957.175781	533.747803
956.032227	544.563293
954.888672	575.052429
953.745117	529.017151
952.601562	515.785400
951.457031	515.669800
950.313477	533.030640
949.167969	528.543030
948.023438	508.772339
946.877930	532.672119
945.733398	541.283020
944.586914	547.707886
943.441406	547.584961
942.294922	560.548828
941.148438	562.603638
940.001953	569.017761
938.854492	573.249268
937.708008	496.849701
936.560547	535.954224
935.412109	581.575745
934.264648	518.291809
933.116211	587.845947
931.967773	544.179443
930.819336	572.348022
929.669922	587.449463
928.520508	580.791565
927.371094	565.437561
926.221680	574.007385
925.071289	513.012329
923.920898	521.590027
922.770508	545.373413
921.619141	562.629028
920.468750	560.330505
919.317383	590.602905
918.165039	594.811523
917.013672	559.951782
915.861328	579.354309
914.708984	564.038025
913.556641	594.275269
912.403320	581.130798
911.250000	541.977295
910.096680	528.850464
908.943359	561.235107
907.789062	593.604980
906.634766	582.641174
905.480469	569.516785
904.325195	575.883057
903.170898	567.095032
902.015625	532.342896
900.859375	592.800781
899.704102	566.710510
898.547852	577.395020
897.391602	531.861572
896.235352	523.095032
895.078125	542.426208
893.920898	553.106323
892.763672	557.301270
891.606445	589.568970
890.448242	565.685303
889.290039	556.922668
888.131836	563.270874
886.972656	563.143250
885.814453	582.429871
884.655273	541.321350
883.495117	577.853455
882.335938	534.608765
881.175781	540.953064
880.015625	566.686707
878.854492	581.637573
877.694336	568.583191
876.533203	587.833191
875.372070	566.172180
874.209961	540.216492
873.047852	550.852539
871.885742	527.063293
870.723633	597.919495
869.561523	546.176331
868.398438	556.801147
867.235352	578.167725
866.071289	562.994324
864.908203	573.607849
863.744141	547.703003
862.580078	599.115051
861.415039	538.866089
860.250977	581.671021
859.085938	596.559753
857.919922	517.043640
856.754883	525.505432
855.588867	574.707520
854.422852	546.705200
853.256836	606.597107
852.089844	576.457214
850.922852	561.328308
849.755859	535.496277
848.588867	580.345398
847.420898	550.238770
846.252930	537.269897
845.084961	573.527588
843.916016	564.838318
842.747070	551.874878
841.578125	556.025757
840.409180	592.245789
839.239258	513.019714
838.070312	521.450684
836.899414	523.467896
835.729492	544.709106
834.558594	565.940613
833.387695	542.324463
832.216797	589.162354
831.044922	542.075867
829.874023	535.550537
828.702148	599.423035
827.529297	609.948975
826.357422	571.429382
825.184570	567.034790
824.010742	515.755310
822.837891	541.205627
821.664062	555.992981
820.490234	513.270203
819.316406	542.961853
818.141602	568.382324
816.966797	540.583923
815.791992	555.354126
814.617188	533.953308
813.441406	587.000732
812.265625	533.707520
811.089844	542.087952
809.914062	529.210999
808.737305	560.961853
807.560547	548.086365
806.382812	556.455505
805.206055	569.067505
804.028320	543.461487
802.850586	532.724060
801.671875	570.795593
800.494141	555.813843
799.314453	540.838928
798.135742	572.520691
796.957031	536.349121
795.777344	568.017151
794.597656	542.458130
793.416992	508.436890
792.237305	525.263245
791.056641	531.494202
789.875000	573.711548
788.694336	546.063843
787.512695	586.142090
786.331055	562.735291
785.149414	562.604858
783.966797	568.818115
782.784180	583.484741
781.601562	562.213562
780.417969	572.648621
779.234375	536.601440
778.050781	523.804199
776.867188	565.915039
775.682617	561.561279
774.499023	525.549866
773.313477	548.639404
772.128906	567.498779
770.943359	561.039307
769.757812	544.039307
768.572266	596.617432
767.385742	573.293884
766.199219	528.909058
765.012695	541.426147
763.826172	562.362244
762.638672	539.068054
761.451172	559.994812
760.263672	519.873901
759.075195	542.899536
757.886719	525.942627
756.698242	536.336243
755.509766	534.108215
754.320312	567.620239
753.130859	531.756897
751.941406	527.429932
750.750977	552.516541
749.560547	569.189941
748.370117	522.860291
747.179688	537.433350
745.988281	568.790344
744.796875	547.673523
743.605469	551.740967
742.413086	566.293335
741.220703	549.385437
740.028320	549.256592
738.835938	551.223633
737.642578	525.949280
736.449219	546.775085
735.255859	538.268982
734.061523	550.706177
732.867188	556.857117
731.672852	560.912109
730.478516	521.023438
729.283203	558.556335
728.087891	524.961243
726.892578	595.931213
725.696289	570.704956
724.500000	558.030518
723.303711	589.241699
722.107422	520.165222
720.910156	551.370483
719.712891	576.296814
718.514648	567.810669
717.317383	565.589600
716.119141	552.936707
714.920898	519.429138
713.721680	581.873413
712.522461	560.885132
711.323242	548.245056
710.124023	523.106262
708.923828	533.400513
707.723633	547.855957
706.523438	560.221863
705.323242	522.611084
704.122070	549.548340
702.920898	522.363403
701.718750	536.803955
700.517578	540.836914
699.315430	551.106812
698.112305	553.055115
696.910156	521.743835
695.707031	513.307251
694.503906	560.971741
693.299805	533.835022
692.096680	539.938110
690.892578	573.028687
689.687500	547.983948
688.483398	527.101440
687.278320	529.050598
686.073242	568.334595
684.867188	514.282410
683.661133	532.818787
682.455078	520.255310
681.249023	520.131165
680.041992	538.652649
678.834961	546.808960
677.627930	538.395325
676.419922	501.002045
675.212891	538.137939
674.003906	531.801453
672.795898	535.811707
671.586914	558.434448
670.377930	547.961853
669.168945	506.484863
667.958984	553.899658
666.749023	582.694946
665.539062	566.028809
664.329102	524.586914
663.118164	545.109070
661.907227	578.007141
660.695312	565.485352
659.483398	524.083069
658.271484	517.768616
657.059570	536.205017
655.846680	556.694275
654.634766	579.234924
653.420898	533.757019
652.208008	564.533569
650.994141	529.380127
649.780273	574.558105
648.566406	516.771667
647.351562	543.405579
646.136719	516.522278
644.920898	588.405151
643.706055	551.239441
642.490234	516.147949
641.274414	542.749390
640.057617	526.175110
638.840820	575.364746
637.624023	560.844849
636.407227	515.523621
635.189453	523.612244
633.971680	521.432373
632.753906	539.777405
631.535156	545.802063
630.316406	557.977966
629.097656	508.621033
627.877930	518.749451
626.659180	537.072388
625.438477	526.694824
624.218750	547.055664
622.998047	544.874146
621.777344	514.022949
620.556641	544.608765
619.334961	513.772522
618.113281	527.972046
616.891602	527.843323
615.668945	542.032349
614.446289	550.079651
613.223633	547.900879
612.000977	539.591370
610.777344	533.329224
609.553711	555.670776
608.329102	557.577271
607.105469	537.021667
605.880859	540.972961
604.655273	528.594971
603.430664	524.384644
602.205078	524.256042
600.978516	546.560852
599.752930	568.854675
598.526367	534.062134
597.299805	511.513977
596.072266	566.398132
594.844727	519.410095
593.617188	543.719116
592.389648	541.549438
591.161133	555.663879
589.932617	508.724335
588.704102	533.011658
587.474609	538.981934
586.245117	500.214508
585.015625	534.650208
583.785156	534.518188
582.554688	516.099121
581.324219	520.034363
580.092773	572.708679
578.862305	523.837891
577.629883	531.827698
576.398438	547.931030
575.166016	578.228333
573.933594	523.319031
572.701172	549.551514
571.467773	525.086853
570.234375	529.010193
569.000977	532.931519
567.766602	488.230377
566.532227	504.311798
565.297852	542.658386
564.062500	538.474670
562.827148	540.364441
561.591797	505.833221
560.355469	501.661499
559.119141	544.005249
557.882812	505.454956
556.646484	533.627197
555.409180	501.161011
554.171875	525.279480
552.933594	525.148193
