1681.581055	346.777618
1680.593750	359.433716
1679.605469	334.054321
1678.617188	389.651672
1677.628906	359.216919
1676.640625	323.735992
1675.652344	394.473816
1674.663086	361.528198
1673.673828	361.455353
1672.684570	353.801056
1671.695312	341.096527
1670.706055	351.132263
1669.715820	366.215179
1668.725586	366.141266
1667.735352	373.641174
1666.745117	335.704315
1665.754883	373.490265
1664.763672	378.460938
1663.772461	345.591125
1662.781250	368.219727
1661.790039	347.972900
1660.797852	337.818359
1659.806641	365.475739
1658.814453	378.001801
1657.822266	380.444733
1656.829102	375.329681
1655.836914	375.253601
1654.843750	387.767395
1653.850586	357.479218
1652.857422	354.889771
1651.864258	349.784882
1650.870117	369.841278
1649.876953	352.158264
1648.882812	392.325226
1647.888672	359.558380
1646.893555	372.054718
1645.899414	361.925598
1644.904297	369.390594
1643.909180	376.852478
1642.914062	361.704773
1641.917969	399.301056
1640.922852	409.263000
1639.926758	348.932343
1638.930664	353.880829
1637.934570	366.355103
1636.937500	383.841827
1635.941406	343.631409
1634.944336	366.131012
1633.947266	363.549072
1632.950195	365.981598
1631.952148	370.919312
1630.954102	375.854950
1629.957031	363.252228
1628.958984	363.177979
1627.959961	378.128723
1626.961914	332.985687
1625.962891	377.974091
1624.963867	370.388885
1623.964844	332.781342
1622.965820	337.716431
1621.965820	367.660370
1620.965820	377.587372
1619.965820	412.510956
1618.965820	382.431763
1617.965820	414.840912
1616.964844	377.277924
1615.963867	367.208466
1614.962891	402.098175
1613.961914	372.051758
1612.960938	379.464813
1611.958984	399.354645
1610.957031	391.786255
1609.955078	394.200684
1608.953125	416.569550
1607.950195	384.063019
1606.948242	406.424652
1605.945312	376.426392
1604.941406	401.272705
1603.938477	383.747101
1602.935547	413.564331
1601.931641	406.006653
1600.927734	428.335968
1599.923828	413.308868
1598.918945	445.584595
1597.915039	388.250671
1596.910156	385.682343
1595.905273	410.480408
1594.900391	407.908508
1593.894531	375.496796
1592.888672	412.712616
1591.882812	415.113129
1590.876953	405.086639
1589.871094	405.002960
1588.865234	399.950958
1587.858398	434.639496
1586.851562	449.448486
1585.844727	384.807251
1584.836914	419.477295
1583.830078	421.872131
1582.822266	399.455048
1581.814453	431.619843
1580.806641	386.889404
1579.797852	431.441162
1578.790039	413.998566
1577.781250	366.820953
1576.772461	411.349060
1575.762695	408.786316
1574.753906	421.086456
1573.744141	435.857941
1572.734375	435.767548
1571.724609	413.398224
1570.714844	405.887665
1569.704102	408.277832
1568.693359	435.405945
1567.682617	398.214783
1566.671875	408.023560
1565.660156	402.994110
1564.649414	410.325897
1563.637695	415.183258
1562.625977	437.334290
1561.614258	437.243378
1560.601562	402.575409
1559.588867	432.122955
1558.576172	424.626770
1557.563477	412.197144
1556.550781	412.111359
1555.537109	394.755035
1554.523438	389.739410
1553.509766	424.184906
1552.496094	406.836792
1551.482422	426.473297
1550.467773	391.879333
1549.453125	384.405212
1548.438477	438.524750
1547.422852	406.412872
1546.408203	386.627319
1545.392578	364.387939
1544.376953	411.081665
1543.361328	366.696899
1542.345703	388.765167
1541.329102	437.884491
1540.312500	403.359863
1539.295898	415.570587
1538.279297	447.444031
1537.261719	376.069397
1536.244141	380.905670
1535.226562	420.137115
1534.208984	420.049225
1533.191406	424.873199
1532.172852	422.328918
1531.155273	390.326996
1530.136719	392.699677
1529.117188	399.979034
1528.098633	409.708649
1527.079102	421.887024
1526.059570	416.894012
1525.040039	416.806641
1524.020508	424.073181
1523.000000	428.885834
1521.979492	423.895416
1520.958984	431.155762
1519.938477	443.311523
1518.917969	411.385162
1517.896484	411.298828
1516.875000	386.735596
1515.853516	428.256470
1514.832031	442.846558
1513.809570	423.184357
1512.787109	403.530396
1511.764648	415.671234
1510.742188	408.250092
1509.719727	457.046265
1508.696289	405.634949
1507.672852	405.549683
1506.649414	415.234619
1505.625977	390.726898
1504.601562	388.203186
1503.578125	417.413696
1502.553711	427.087891
1501.528320	385.518219
1500.503906	443.984467
1499.478516	421.940338
1498.454102	397.467041
1497.428711	419.324738
1496.402344	458.235138
1495.376953	426.458832
1494.350586	445.860107
1493.324219	426.279114
1492.297852	433.495361
1491.270508	457.752502
1490.244141	435.746948
1489.216797	423.485901
1488.189453	418.529968
1487.162109	442.769653
1486.133789	408.624237
1485.105469	430.423950
1484.077148	440.058136
1483.048828	435.103760
1482.020508	449.593292
1480.991211	444.638916
1479.961914	483.412323
1478.932617	468.738037
1477.903320	422.503540
1476.874023	400.565247
1475.843750	446.596558
1474.813477	456.208710
1473.783203	443.981598
1472.751953	422.057190
1471.721680	453.494263
1470.690430	450.973755
1469.659180	443.606110
1468.626953	484.712830
1467.595703	470.071960
1466.563477	428.789307
1465.531250	455.340820
1464.499023	467.351959
1463.466797	452.726990
1462.433594	445.369659
1461.400391	450.115265
1460.367188	435.503113
1459.333984	483.789825
1458.299805	454.666046
1457.265625	430.390442
1456.231445	454.473328
1455.197266	473.712158
1454.163086	471.195312
1453.127930	451.768402
1452.092773	458.918640
1451.057617	439.502502
1450.022461	451.480927
1448.986328	422.419220
1447.950195	444.049347
1446.914062	443.955109
1445.877930	506.580292
1444.841797	453.413696
1443.804688	426.793488
1442.767578	460.453339
1441.730469	445.894104
1440.693359	448.209076
1439.655273	479.433624
1438.617188	448.018616
1437.579102	467.188904
1436.541016	445.420471
1435.502930	452.547272
1434.463867	450.044373
1433.424805	447.542511
1432.385742	452.258575
1431.345703	437.731628
1430.306641	476.112213
1429.266602	432.737183
1428.226562	451.873749
1427.185547	449.374481
1426.145508	439.668579
1425.104492	478.007751
1424.063477	465.898254
1423.022461	439.387756
1421.981445	470.500854
1420.939453	446.400574
1419.897461	467.900879
1418.855469	458.205261
1417.812500	460.506073
1416.770508	479.591583
1415.727539	462.707214
1414.684570	472.196289
1413.641602	481.681305
1412.597656	450.431702
1411.554688	483.871246
1410.510742	488.557800
1409.466797	445.354736
1408.421875	428.502625
1407.376953	449.951385
1406.333008	466.605286
1405.288086	399.520264
1404.242188	435.312347
1403.197266	449.567291
1402.151367	444.689667
1401.105469	480.449097
1400.059570	446.889526
1399.012695	456.351135
1397.966797	422.810944
1396.919922	448.991394
1395.872070	436.956726
1394.825195	479.833496
1393.778320	455.863708
1392.730469	434.290344
1391.682617	472.368683
1390.633789	448.415771
1389.585938	422.088379
1388.537109	464.913177
1387.488281	445.744446
1386.439453	462.331116
1385.389648	471.762756
1384.340820	447.840485
1383.291016	440.599762
1382.241211	428.599915
1381.190430	433.269348
1380.140625	447.457123
1379.089844	423.565491
1378.039062	444.886444
1376.988281	473.333893
1375.936523	447.073914
1374.884766	430.335327
1373.833008	475.406769
1372.781250	475.304901
1371.729492	475.203033
1370.676758	486.978729
1369.624023	427.499420
1368.571289	455.901611
1367.518555	481.917633
1366.464844	443.838776
1365.411133	493.575745
1364.357422	424.668793
1363.303711	429.321594
1362.249023	467.172424
1361.195312	505.006989
1360.140625	519.121094
1359.085938	445.542572
1358.030273	466.771545
1356.974609	454.826904
1355.919922	454.729248
1354.863281	456.999481
1353.807617	475.840271
1352.750977	466.270660
1351.695312	444.873383
1350.638672	463.704559
1349.581055	442.316956
1348.524414	480.059082
1347.466797	444.491211
1346.409180	475.125183
1345.351562	475.023071
1344.292969	470.195374
1343.235352	498.441711
1342.176758	444.013702
1341.117188	498.227386
1340.058594	483.955688
1338.999023	450.808105
1337.940430	488.467041
1336.879883	464.769592
1335.820312	490.615631
1334.760742	481.077179
1333.700195	443.250244
1332.639648	473.798553
1331.578125	473.696564
1330.517578	478.307007
1329.456055	473.492676
1328.394531	456.904480
1327.333008	477.998138
1326.271484	482.603546
1325.208984	449.548401
1324.146484	451.804749
1323.083984	503.465546
1322.021484	439.849426
1320.958008	465.622589
1319.894531	467.873383
1318.831055	488.928101
1317.767578	477.072174
1316.703125	453.473328
1315.638672	458.073761
1314.574219	448.580658
1313.509766	476.660950
1312.445312	462.472687
1311.379883	490.537811
1310.314453	481.045776
1309.249023	462.173553
1308.182617	459.728302
1307.117188	438.523682
1306.050781	468.908112
1304.984375	440.678497
1303.916992	449.957520
1302.850586	461.575531
1301.783203	491.928619
1300.715820	489.480408
1299.647461	482.350220
1298.580078	468.200073
1297.511719	440.013031
1296.443359	472.677856
1295.375000	488.952179
1294.305664	423.355164
1293.237305	519.141113
1292.167969	497.987244
1291.097656	518.916809
1290.028320	465.054657
1288.958008	460.281250
1287.887695	492.885040
1286.817383	464.753174
1285.747070	490.337036
1284.675781	490.231049
1283.604492	483.123260
1282.533203	478.351959
1281.461914	513.242310
1280.389648	487.474731
1279.318359	499.028839
1278.245117	445.298553
1277.172852	496.482056
1276.100586	489.383453
1275.027344	477.628082
1273.954102	484.512909
1272.880859	458.790314
1271.806641	486.631561
1270.732422	463.247467
1269.659180	481.766174
1268.583984	458.393158
1267.509766	465.273010
1266.434570	486.105011
1265.359375	437.167206
1264.284180	499.843597
1263.208984	509.032715
1262.132812	494.979370
1261.056641	469.315338
1259.980469	476.182190
1258.904297	490.013031
1257.827148	480.619476
1256.750000	499.085968
1255.672852	489.694489
1254.595703	508.150909
1253.518555	531.238953
1252.440430	496.334015
1251.362305	505.501648
1250.284180	528.575134
1249.205078	482.104309
1248.125977	486.634369
1247.046875	530.548096
1245.967773	491.055847
1244.888672	488.633514
1243.808594	463.059235
1242.728516	462.958740
1241.648438	502.201202
1240.567383	469.699158
1239.487305	474.223785
1238.406250	476.433624
1237.325195	492.516144
1236.243164	510.903473
1235.162109	462.255676
1234.080078	492.195374
1232.998047	505.950134
1231.916016	473.503418
1230.833008	475.709808
1229.750000	501.002930
1228.666992	496.277527
1227.583984	431.552246
1226.500000	477.603760
1225.416016	500.567596
1224.332031	456.639801
1223.248047	486.515442
1222.164062	431.083435
1221.079102	472.475342
1219.994141	481.589661
1218.909180	522.952515
1217.823242	488.289978
1216.738281	495.092010
1215.652344	476.566315
1214.565430	490.273132
1213.479492	469.455200
1212.392578	499.262817
1211.305664	455.449432
1210.218750	487.546814
1209.131836	487.440674
1208.043945	448.255859
1206.956055	457.351288
1205.868164	454.953949
1204.780273	477.827362
1203.691406	452.459106
1202.602539	466.138031
1201.513672	456.853546
1200.424805	488.887482
1199.334961	497.959961
1198.245117	445.083801
1197.155273	500.036743
1196.065430	474.702087
1194.974609	470.013123
1193.884766	465.326202
1192.793945	490.433990
1191.702148	451.375854
1190.611328	458.149719
1189.519531	469.501068
1188.427734	460.239685
1187.335938	510.502838
1186.243164	478.348969
1185.150391	475.956390
1184.057617	459.838287
1182.964844	468.886993
1181.872070	459.637665
1180.778320	482.399933
1179.684570	502.866486
1178.590820	514.182983
1177.496094	463.806091
1176.402344	463.704834
1175.307617	463.603607
1174.211914	461.219116
1173.117188	456.552887
1172.021484	481.558105
1170.925781	465.480560
1169.830078	485.910309
1168.734375	449.311829
1167.637695	456.054504
1166.541016	439.996429
1165.444336	474.089447
1164.347656	455.755615
1163.250000	467.047394
1162.152344	439.611938
1161.054688	485.061523
1159.956055	475.848328
1158.858398	448.428833
1157.759766	516.604492
1156.661133	514.216248
1155.561523	479.981842
1154.462891	475.328247
1153.363281	470.676666
1152.263672	470.573700
1151.163086	509.108429
1150.063477	427.193939
1148.962891	467.993042
1147.862305	454.262726
1146.761719	465.517365
1145.660156	481.307709
1144.558594	472.123047
1143.457031	458.403717
1142.355469	460.572174
1141.252930	437.787964
1140.150391	487.584442
1139.047852	462.536926
1137.945312	480.570343
1136.841797	471.399658
1135.738281	475.828064
1134.634766	487.050537
1133.531250	443.911560
1132.426758	482.308350
1131.323242	464.091736
1130.218750	454.936523
1129.113281	468.413971
1128.008789	450.212280
1126.903320	463.684814
1125.797852	499.765198
1124.692383	481.568481
1123.585938	488.244019
1122.479492	470.057739
1121.373047	499.326752
1120.266602	458.556976
1119.159180	485.557190
1118.052734	505.771790
1116.945312	478.571808
1115.836914	467.182129
1114.729492	437.746063
1113.621094	478.256622
1112.512695	507.472198
1111.404297	484.811371
1110.294922	468.923767
1109.185547	486.852325
1108.076172	470.971191
1106.966797	491.144318
1105.856445	461.754364
1104.747070	486.424500
1103.636719	486.317566
1102.525391	447.944092
1101.415039	454.597046
1100.303711	458.997040
1099.192383	494.887939
1098.081055	447.550171
1096.968750	487.924744
1095.856445	490.065430
1094.744141	496.700134
1093.631836	462.885559
1092.518555	444.811523
1091.406250	446.959625
1090.292969	458.088928
1089.178711	509.623962
1088.065430	491.555389
1086.951172	464.518555
1085.836914	495.826050
1084.722656	453.098633
1083.607422	439.543427
1082.492188	470.835632
1081.376953	488.664520
1080.261719	504.244446
1079.145508	490.689758
1078.030273	483.861298
1076.914062	447.920959
1075.796875	467.974182
1074.680664	492.495789
1073.563477	503.577789
1072.446289	454.238861
1071.328125	467.561493
1070.210938	496.534698
1069.092773	471.827515
1067.974609	456.073792
1066.856445	473.854431
1065.737305	478.219177
1064.618164	491.518677
1063.499023	507.045929
1062.379883	506.933990
1061.259766	500.123932
1060.139648	497.781281
1059.019531	470.890808
1057.899414	475.249207
1056.778320	499.682159
1055.657227	475.039215
1054.536133	486.082916
1053.415039	528.331116
1052.292969	488.096771
1051.170898	470.162781
1050.048828	492.336487
1048.926758	498.909424
1047.803711	498.799072
1046.680664	489.783600
1045.557617	487.449432
1044.434570	489.566864
1043.310547	489.458527
1042.186523	498.247467
1041.062500	467.003601
1039.938477	493.580231
1038.813477	457.905457
1037.688477	506.695770
1036.563477	508.805389
1035.437500	490.921753
1034.312500	484.150391
1033.186523	477.381958
1032.060547	512.794373
1030.933594	503.803162
1029.806641	483.721344
1028.679688	490.269318
1027.552734	472.417236
1026.425781	485.617065
1025.297852	494.377106
1024.169922	443.289185
1023.041992	456.486572
1021.913086	498.479065
1020.784180	493.938507
1019.655273	489.399902
1018.526367	473.793365
1017.397461	489.182648
1016.267578	475.795990
1015.137695	493.390411
1014.006836	488.856781
1012.876953	453.363708
1011.746094	477.584412
1010.615234	468.636078
1009.484375	501.682770
1008.352539	448.541687
1007.220703	477.159943
1006.088867	492.513916
1004.957031	472.531586
1003.824219	487.879669
1002.691406	492.185364
1001.558594	467.803070
1000.425781	483.141846
999.291992	485.239960
998.158203	491.747406
997.024414	462.977417
995.889648	440.832703
994.755859	471.585938
993.621094	458.261810
992.485352	491.200104
991.350586	486.686249
990.214844	482.174377
989.079102	477.664490
987.943359	481.959473
986.807617	451.048706
985.670898	437.749634
984.534180	479.437897
983.396484	496.921082
982.259766	477.025757
981.122070	426.370270
979.984375	450.445343
978.846680	505.264923
977.708008	470.011108
976.569336	447.947937
975.430664	469.801239
974.291992	493.839569
973.152344	427.898682
972.012695	489.231232
970.873047	460.608063
969.733398	482.433929
968.592773	484.518494
967.452148	475.642578
966.311523	449.239288
965.169922	475.429871
964.029297	512.560852
962.887695	486.166870
961.745117	472.921387
960.603516	479.382416
959.460938	474.898163
958.318359	487.919739
957.175781	500.935425
956.032227	494.262238
954.888672	487.591980
953.745117	496.226837
952.601562	522.342041
951.457031	447.933533
950.313477	480.601410
949.167969	497.966156
948.023438	495.670929
946.877930	504.292084
945.733398	482.353027
944.586914	484.426910
943.441406	469.046906
942.294922	492.933990
941.148438	466.655731
940.001953	492.712677
938.854492	475.164795
937.708008	536.074707
936.560547	464.057953
935.412109	448.706360
934.264648	463.849396
933.116211	485.517212
931.967773	511.528656
930.819336	467.889069
929.669922	498.244171
928.520508	513.358826
927.371094	506.719055
926.221680	500.082214
925.071289	486.926971
923.920898	504.203674
922.770508	510.608551
921.619141	471.391907
920.468750	473.457550
919.317383	510.263550
918.165039	494.952637
917.013672	507.863220
915.861328	496.899384
914.708984	509.803619
913.556641	459.804199
912.403320	513.910461
911.250000	502.954956
910.096680	522.348206
908.943359	509.228729
907.789062	496.115112
906.634766	504.666901
905.480469	519.711182
904.325195	545.573425
903.170898	532.463257
902.015625	497.718994
900.859375	521.405029
899.704102	486.678894
898.547852	488.731354
897.391602	512.403259
896.235352	499.318024
895.078125	466.789124
893.920898	494.770874
892.763672	514.099609
891.606445	505.344849
890.448242	481.480225
889.290039	485.688385
888.131836	513.633972
886.972656	435.842651
885.814453	496.143982
884.655273	489.561523
883.495117	506.699860
882.335938	495.806519
881.175781	484.918060
880.015625	495.581543
878.854492	497.623260
877.694336	475.973022
876.533203	499.550537
875.372070	501.589813
874.209961	495.019073
873.047852	518.576050
871.885742	499.096649
870.723633	503.284760
869.561523	453.713409
868.398438	488.007172
867.235352	500.792084
866.071289	474.892120
864.908203	481.229065
863.744141	466.084534
862.580078	498.188873
861.415039	495.928528
860.250977	485.083588
859.085938	491.410767
857.919922	499.880371
856.754883	441.853577
855.588867	486.785858
854.422852	490.962708
853.256836	531.576294
852.089844	518.597168
850.922852	522.763733
849.755859	484.088654
848.588867	509.676056
847.420898	500.995605
846.252930	503.021637
845.084961	513.606812
843.916016	511.349854
842.747070	558.292053
841.578125	476.899017
840.409180	491.756439
839.239258	534.395508
838.070312	544.958679
836.899414	512.784851
835.729492	548.981384
834.558594	499.736237
833.387695	480.405518
832.216797	505.911163
831.044922	486.587769
829.874023	527.015869
828.702148	514.095886
827.529297	533.172180
826.357422	473.348236
825.184570	507.346924
824.010742	502.967987
822.837891	513.506104
821.664062	521.909119
820.490234	523.918945
819.316406	547.220398
818.141602	530.064392
816.966797	515.044495
815.791992	531.948364
814.617188	499.916443
813.441406	472.152771
812.265625	484.802032
811.089844	510.200409
809.914062	512.208191
808.737305	484.467072
807.560547	524.718384
806.382812	501.234741
805.206055	518.106262
804.028320	517.986755
802.850586	511.500000
801.671875	496.528534
800.494141	487.928192
799.314453	481.452698
798.135742	549.195801
796.957031	476.990326
795.777344	470.521698
794.597656	476.769836
793.416992	495.725952
792.237305	472.313324
791.056641	482.791565
789.875000	508.084015
788.694336	476.218475
787.512695	516.312866
786.331055	492.922241
785.149414	507.613403
783.966797	490.579224
782.784180	503.149902
781.601562	479.783783
780.417969	511.368866
779.234375	483.786346
778.050781	481.561920
776.867188	494.119812
775.682617	496.116180
774.499023	483.337036
773.313477	493.775452
772.128906	495.770325
770.943359	510.419220
769.757812	510.300446
768.572266	505.965332
767.385742	455.262787
766.199219	503.622528
765.012695	499.291809
763.826172	509.706573
762.638672	543.279541
761.451172	501.048004
760.263672	530.397705
759.075195	528.169678
757.886719	511.216248
756.698242	519.510010
755.509766	494.155243
754.320312	500.346710
753.130859	462.397278
751.941406	540.037842
750.750977	485.290161
749.560547	504.079651
748.370117	495.562347
747.179688	501.744415
745.988281	499.528076
744.796875	518.296387
743.605469	516.077087
742.413086	494.982300
741.220703	517.932068
740.028320	505.232208
738.835938	536.552307
737.642578	521.758484
736.449219	498.591827
735.255859	490.097015
734.061523	538.142517
732.867188	563.137451
731.672852	487.658661
730.478516	504.283691
729.283203	514.624939
728.087891	510.320892
726.892578	499.745819
725.696289	516.352112
724.500000	497.420471
723.303711	495.213745
722.107422	515.987183
720.910156	486.626190
719.712891	471.895203
718.514648	490.571686
717.317383	484.194763
716.119141	515.378723
714.920898	513.170959
713.721680	504.707428
712.522461	492.077667
711.323242	483.622986
710.124023	502.265411
708.923828	506.313751
707.723633	508.277008
706.523438	518.569702
705.323242	480.968750
704.122070	472.528290
702.920898	486.984192
701.718750	501.433167
700.517578	528.356018
699.315430	505.354523
698.112305	490.680481
696.910156	544.609131
695.707031	511.229065
694.503906	517.340576
693.299805	500.600159
692.096680	510.864532
690.892578	516.971558
689.687500	475.334564
688.483398	504.274231
687.278320	497.929993
686.073242	462.549683
684.867188	499.766388
683.661133	483.061401
682.455078	460.146149
681.249023	503.553284
680.041992	468.213470
678.834961	521.954041
677.627930	521.829346
676.419922	498.931793
675.212891	494.672974
674.003906	509.039490
672.795898	457.198395
671.586914	473.635162
670.377930	477.657288
669.168945	473.408295
667.958984	456.760529
666.749023	483.512817
665.539062	485.462646
664.329102	481.215546
663.118164	489.359253
661.907227	505.756226
660.695312	497.379456
659.483398	526.146423
658.271484	503.328827
657.059570	490.833801
655.846680	517.519470
654.634766	467.922882
653.420898	500.783600
652.208008	449.154419
650.994141	527.320251
649.780273	469.531372
648.566406	490.006622
647.351562	483.713318
646.136719	504.175110
644.920898	487.594452
643.706055	499.817810
642.490234	516.147949
641.274414	511.911377
640.057617	511.787537
638.840820	482.895447
637.624023	468.397888
636.407227	523.739136
635.189453	507.185181
633.971680	484.480499
632.753906	478.205841
631.535156	523.231323
630.316406	463.614014
629.097656	504.519257
627.877930	510.547852
626.659180	494.024597
625.438477	471.361115
624.218750	522.468872
622.998047	464.986572
621.777344	481.256561
620.556641	509.802948
619.334961	474.881348
618.113281	480.904785
616.891602	478.741608
615.668945	501.124237
614.446289	492.822266
613.223633	490.657501
612.000977	451.703369
610.777344	472.027039
609.553711	484.169037
608.329102	514.686707
607.105469	490.057800
605.880859	481.772156
604.655273	469.408691
603.430664	487.657288
602.205078	463.058838
600.978516	475.181671
599.752930	487.298462
598.526367	485.140381
597.299805	468.717987
596.072266	511.388245
594.844727	462.376831
593.617188	476.517883
592.389648	511.010925
591.161133	496.637299
589.932617	453.782104
588.704102	490.289368
587.474609	488.134583
586.245117	477.847198
585.015625	455.367462
583.785156	489.805634
582.554688	473.429535
581.324219	457.061432
580.092773	469.133698
578.862305	477.139160
577.629883	497.319824
576.398438	499.226044
575.166016	480.842499
573.933594	498.978638
572.701172	496.827026
571.467773	506.840576
570.234375	498.607330
569.000977	441.745544
567.766602	506.463043
566.532227	484.058289
565.297852	504.186340
564.062500	475.720123
562.827148	443.220306
561.591797	471.436554
560.355469	483.456024
559.119141	475.246216
557.882812	450.865814
556.646484	493.200897
555.409180	464.786407
554.171875	472.751526
552.933594	428.197723
