1681.581055	483.463684
1680.593750	455.620209
1679.605469	470.712921
1678.617188	493.390106
1677.628906	473.053284
1676.640625	493.191559
1675.652344	462.748138
1674.663086	475.295807
1673.673828	495.421326
1672.684570	475.104279
1671.695312	464.901947
1670.706055	444.599152
1669.715820	467.240051
1668.725586	464.620636
1667.735352	479.674469
1666.745117	466.957153
1665.754883	502.192993
1664.763672	474.337708
1663.772461	466.674133
1662.781250	486.756195
1661.790039	469.006927
1660.797852	496.643402
1659.806641	491.501831
1658.814453	501.482361
1657.822266	501.380798
1656.829102	463.494354
1655.836914	511.251556
1654.843750	533.809631
1653.850586	508.526794
1652.857422	473.186340
1651.864258	541.034180
1650.870117	505.701355
1649.876953	487.990753
1648.882812	560.823914
1647.888672	520.479614
1646.893555	515.346069
1645.899414	515.241333
1644.904297	537.752258
1643.909180	504.982330
1642.914062	499.855896
1641.917969	512.310791
1640.922852	514.717285
1639.926758	539.715454
1638.930664	542.115295
1637.934570	509.384155
1636.937500	541.894348
1635.941406	486.602142
1634.944336	514.088074
1633.947266	516.490417
1632.950195	541.452209
1631.952148	543.847900
1630.954102	556.265320
1629.957031	546.130920
1628.958984	520.972595
1627.959961	505.841095
1626.961914	533.277832
1625.962891	535.671875
1624.963867	513.038635
1623.964844	560.473877
1622.965820	582.873535
1621.965820	555.242188
1620.965820	560.129639
1619.965820	552.514648
1618.965820	534.904541
1617.965820	592.272888
1616.964844	612.139648
1615.963867	574.543823
1614.962891	571.928467
1613.961914	629.241882
1612.960938	624.119751
1611.958984	716.342346
1610.957031	666.286133
1609.955078	693.593628
1608.953125	695.945496
1607.950195	635.948486
1606.948242	643.297913
1605.945312	640.672729
1604.941406	682.911316
1603.938477	620.474182
1602.935547	645.260010
1601.931641	660.072144
1600.927734	674.878174
1599.923828	697.147461
1598.918945	731.854004
1597.915039	734.191956
1596.910156	709.157837
1595.905273	634.378845
1594.900391	691.454651
1593.894531	706.232361
1592.888672	681.224426
1591.882812	643.798218
1590.876953	661.061646
1589.871094	675.833191
1588.865234	693.082764
1587.858398	683.004883
1586.851562	744.942261
1585.844727	727.409851
1584.836914	801.722839
1583.830078	791.630615
1582.822266	826.202087
1581.814453	803.705933
1580.806641	833.300293
1579.797852	805.852722
1578.790039	847.829407
1577.781250	884.831604
1576.772461	837.566162
1575.762695	852.257507
1574.753906	849.603882
1573.744141	911.339355
1572.734375	896.294617
1571.724609	906.010437
1570.714844	851.374146
1569.704102	922.955322
1568.693359	848.546814
1567.682617	885.471375
1566.671875	828.411499
1565.660156	793.626404
1564.649414	850.313904
1563.637695	879.793091
1562.625977	896.905945
1561.614258	854.724304
1560.601562	948.398499
1559.588867	901.285034
1558.576172	923.316345
1557.563477	900.909973
1556.550781	890.851501
1555.537109	843.788879
1554.523438	836.213013
1553.509766	892.761230
1552.496094	793.948120
1551.482422	823.364685
1550.467773	835.516296
1549.453125	835.342102
1548.438477	778.504578
1547.422852	726.616943
1546.408203	765.866882
1545.392578	718.927551
1544.376953	745.854736
1543.361328	735.854858
1542.345703	728.319580
1541.329102	669.126892
1540.312500	666.527588
1539.295898	710.650269
1538.279297	695.750916
1537.261719	739.848938
1536.244141	742.151733
1535.226562	732.168762
1534.208984	768.862061
1533.191406	707.303345
1532.172852	699.789185
1531.155273	734.011169
1530.136719	709.313782
1529.117188	760.696350
1528.098633	770.350403
1527.079102	775.094727
1526.059570	875.477417
1525.040039	875.293945
1524.020508	914.331177
1523.000000	955.802734
1521.979492	967.853638
1520.958984	984.798950
1519.938477	989.490906
1518.917969	1026.014160
1517.896484	1038.039917
1516.875000	988.868225
1515.853516	937.269897
1514.832031	973.773132
1513.809570	863.491821
1512.787109	772.821838
1511.764648	824.007141
1510.742188	767.607971
1509.719727	716.120605
1508.696289	718.413696
1507.672852	718.262695
1506.649414	740.094666
1505.625977	703.308411
1504.601562	737.341858
1503.578125	756.714905
1502.553711	749.234192
1501.528320	749.076538
1500.503906	739.160950
1499.478516	748.761169
1498.454102	748.603516
1497.428711	731.380371
1496.402344	762.912781
1495.376953	753.004456
1494.350586	860.047119
1493.324219	869.609375
1492.297852	849.943176
1491.270508	847.329102
1490.244141	876.362549
1489.216797	907.817505
1488.189453	856.526428
1487.162109	780.928894
1486.133789	775.899597
1485.105469	766.008728
1484.077148	741.534424
1483.048828	717.070435
1482.020508	729.070190
1480.991211	692.470459
1479.961914	774.917236
1478.932617	694.606628
1477.903320	721.169861
1476.874023	708.879150
1475.843750	730.573669
1474.813477	723.139343
1473.783203	747.247742
1472.751953	795.602051
1471.721680	763.907471
1470.690430	763.745850
1469.659180	826.610291
1468.626953	882.177368
1467.595703	794.760803
1466.563477	830.930664
1465.531250	808.956543
1464.499023	806.363770
1463.466797	728.721008
1462.433594	747.930542
1461.400391	769.551880
1460.367188	815.358643
1459.333984	764.387939
1458.299805	805.339355
1457.265625	785.825256
1456.231445	802.580566
1455.197266	797.576599
1454.163086	778.076355
1453.127930	797.238342
1452.092773	753.592712
1451.057617	777.581299
1450.022461	777.416321
1448.986328	827.941650
1447.950195	818.112671
1446.914062	762.444641
1445.877930	742.984436
1444.841797	733.179565
1443.804688	798.127930
1442.767578	783.493896
1441.730469	778.507019
1440.693359	800.029114
1439.655273	809.495972
1438.617188	758.741211
1437.579102	760.988098
1436.541016	804.164551
1435.502930	779.921875
1434.463867	786.976013
1433.424805	820.494629
1432.385742	805.886292
1431.345703	767.232910
1430.306641	788.711121
1429.266602	853.453857
1428.226562	882.115234
1427.185547	908.361267
1426.145508	961.024231
1425.104492	980.035950
1424.063477	1011.047241
1423.022461	1051.649414
1421.981445	1065.828491
1420.939453	1041.601318
1419.897461	1019.783997
1418.855469	1084.339111
1417.812500	1122.483521
1416.770508	999.948425
1415.727539	1100.427979
1414.684570	1116.971924
1413.641602	1114.337280
1412.597656	1114.099609
1411.554688	1070.744751
1410.510742	1015.433899
1409.466797	945.780212
1408.421875	924.033569
1407.376953	909.476196
1406.333008	820.746704
1405.288086	808.609863
1404.242188	834.747314
1403.197266	808.264587
1402.151367	829.609253
1401.105469	807.919373
1400.059570	819.695740
1399.012695	764.567322
1397.966797	907.729736
1396.919922	814.393921
1395.872070	780.791504
1394.825195	792.560791
1393.778320	751.817078
1392.730469	742.111511
1391.682617	820.680969
1390.633789	813.349915
1389.585938	844.176758
1388.537109	822.538696
1387.488281	824.746399
1386.439453	881.765503
1385.389648	848.219910
1384.340820	902.827332
1383.291016	931.213562
1382.241211	919.108704
1381.190430	930.814941
1380.140625	935.375793
1379.089844	823.335205
1378.039062	856.465881
1376.988281	882.446594
1375.936523	867.989258
1374.884766	872.558411
1373.833008	896.141785
1372.781250	884.067139
1371.729492	948.030090
1370.676758	954.953369
1369.624023	902.498779
1368.571289	914.177734
1367.518555	819.022583
1366.464844	833.087769
1365.411133	811.552429
1364.357422	846.965149
1363.303711	815.948242
1362.249023	839.487488
1361.195312	822.710938
1360.140625	836.756897
1359.085938	895.824951
1358.030273	879.046936
1356.974609	971.244934
1355.919922	883.406311
1354.863281	916.366882
1353.807617	1003.762573
1352.750977	925.440735
1351.695312	972.568970
1350.638672	996.018433
1349.581055	953.228516
1348.524414	974.307129
1347.466797	964.640503
1346.409180	893.518982
1345.351562	895.690247
1344.292969	923.851257
1343.235352	954.362305
1342.176758	1114.757812
1341.117188	1095.628052
1340.058594	1119.000000
1338.999023	1163.604126
1337.940430	1142.116211
1336.879883	1160.744385
1335.820312	1035.482056
1334.760742	985.736572
1333.700195	884.142761
1332.639648	933.453857
1331.578125	843.698364
1330.517578	874.147278
1329.456055	796.221497
1328.394531	821.957031
1327.333008	894.774841
1326.271484	885.165527
1325.208984	884.974915
1324.146484	889.490601
1323.083984	924.588623
1322.021484	910.276611
1320.958008	888.915833
1319.894531	952.204590
1318.831055	930.843872
1317.767578	893.041504
1316.703125	944.540283
1315.638672	892.656555
1314.574219	965.270447
1313.509766	939.233398
1312.445312	910.859924
1311.379883	964.646118
1310.314453	938.625854
1309.249023	917.308899
1308.182617	933.529907
1307.117188	872.357300
1306.050781	902.648071
1304.984375	850.884583
1303.916992	883.510315
1302.850586	880.976624
1301.783203	850.333740
1300.715820	864.202271
1299.647461	864.015686
1298.580078	828.714111
1297.511719	807.470764
1296.443359	851.756165
1295.375000	900.701355
1294.305664	858.405212
1293.237305	818.465698
1292.167969	841.668579
1291.097656	843.824219
1290.028320	810.924438
1288.958008	808.412720
1287.887695	766.190979
1286.817383	819.740540
1285.747070	791.544067
1284.675781	807.713989
1283.604492	837.880432
1282.533203	809.698181
1281.461914	849.182678
1280.389648	821.010071
1279.318359	879.130249
1278.245117	832.311951
1277.172852	822.808289
1276.100586	824.960693
1275.027344	859.730530
1273.954102	826.933044
1272.880859	891.962891
1271.806641	884.784668
1270.732422	879.937378
1269.659180	849.491028
1268.583984	858.614624
1267.509766	897.976929
1266.434570	876.849670
1265.359375	867.358398
1264.284180	897.393616
1263.208984	925.091431
1262.132812	950.453308
1261.056641	922.367310
1259.980469	984.884155
1258.904297	1000.927063
1257.827148	998.388306
1256.750000	1009.778564
1255.672852	1037.409668
1254.595703	1134.638306
1253.518555	1148.311279
1252.440430	1087.760010
1251.362305	1168.682739
1250.284180	1117.426392
1249.205078	1080.099121
1248.125977	1021.932129
1247.046875	975.374390
1245.967773	989.060608
1244.888672	984.214417
1243.808594	988.631470
1242.728516	993.046509
1241.648438	937.287964
1240.567383	964.850037
1239.487305	904.495117
1238.406250	957.492798
1237.325195	878.667297
1236.243164	855.358765
1235.162109	889.842163
1234.080078	861.919617
1232.998047	824.768005
1231.916016	856.925659
1230.833008	840.574646
1229.750000	923.507690
1228.666992	881.758240
1227.583984	900.028748
1226.500000	897.525879
1225.416016	865.036133
1224.332031	855.623047
1223.248047	846.214050
1222.164062	857.556335
1221.079102	769.789124
1219.994141	864.096252
1218.909180	813.225708
1217.823242	875.236755
1216.738281	766.816956
1215.652344	847.229004
1214.565430	851.648193
1213.479492	874.475403
1212.392578	871.984375
1211.305664	860.293396
1210.218750	827.909668
1209.131836	820.831726
1208.043945	820.653076
1206.956055	758.421692
1205.868164	742.172363
1204.780273	767.280457
1203.691406	776.300415
1202.602539	776.131348
1201.513672	794.328247
1200.424805	846.945923
1199.334961	862.824646
1198.245117	945.229553
1197.155273	947.317322
1196.065430	970.043396
1194.974609	917.098816
1193.884766	852.716003
1192.793945	898.365051
1191.702148	843.179260
1190.611328	849.867737
1189.519531	858.843384
1188.427734	876.974121
1187.335938	849.311890
1186.243164	814.795410
1185.150391	773.429138
1184.057617	812.152222
1182.964844	761.655457
1181.872070	768.349548
1180.778320	722.456787
1179.684570	786.300293
1178.590820	731.282532
1177.496094	756.255249
1176.402344	721.826233
1175.307617	769.627686
1174.211914	762.609863
1173.117188	755.595032
1172.021484	734.889648
1170.925781	768.955627
1169.830078	771.068970
1168.734375	729.846619
1167.637695	791.254578
1166.541016	740.926636
1165.444336	717.971985
1164.347656	729.208984
1163.250000	713.101624
1162.152344	733.445801
1161.054688	742.394653
1159.956055	778.660889
1158.858398	762.556641
1157.759766	814.733093
1156.661133	794.077271
1155.561523	843.949097
1154.462891	796.004272
1153.363281	850.401306
1152.263672	850.215271
1151.163086	856.847656
1150.063477	824.847839
1148.962891	781.502930
1147.862305	794.959778
1146.761719	742.557007
1145.660156	751.475708
1144.558594	701.375122
1143.457031	708.029480
1142.355469	701.067993
1141.252930	687.304443
1140.150391	678.082581
1139.047852	659.795349
1137.945312	729.922852
1136.841797	664.038940
1135.738281	716.007935
1134.634766	704.524292
1133.531250	672.661926
1132.426758	699.686768
1131.323242	708.588806
1130.218750	651.849304
1129.113281	767.112732
1128.008789	714.909973
1126.903320	637.849365
1125.797852	678.414307
1124.692383	689.569885
1123.585938	617.086182
1122.479492	673.448120
1121.373047	605.518433
1120.266602	673.152588
1119.159180	684.296875
1118.052734	702.209961
1116.945312	686.253906
1115.836914	733.498535
1114.729492	701.747559
1113.621094	712.873047
1112.512695	726.249084
1111.404297	712.559937
1110.294922	678.586792
1109.185547	705.485107
1108.076172	705.330078
1106.966797	743.475342
1105.856445	774.846375
1104.747070	722.880859
1103.636719	749.739624
1102.525391	700.053284
1101.415039	762.912842
1100.303711	758.245117
1099.192383	762.577332
1098.081055	874.859375
1096.968750	838.690918
1095.856445	809.282349
1094.744141	739.431396
1093.631836	770.726929
1092.518555	734.612976
1091.406250	705.252869
1090.292969	734.289612
1089.178711	693.717224
1088.065430	772.123535
1086.951172	718.096313
1085.836914	686.528381
1084.722656	704.321655
1083.607422	666.042847
1082.492188	715.221741
1081.376953	692.648315
1080.261719	728.353088
1079.145508	748.357910
1078.030273	730.272156
1076.914062	698.756653
1075.796875	718.754639
1074.680664	658.153442
1073.563477	664.722717
1072.446289	655.625549
1071.328125	668.903748
1070.210938	653.099670
1069.092773	728.984680
1067.974609	677.403748
1066.856445	679.489380
1065.737305	726.267456
1064.618164	674.721069
1063.499023	672.338440
1062.379883	647.624878
1061.259766	680.972351
1060.139648	694.215149
1059.019531	678.439819
1057.899414	631.434387
1056.778320	684.832275
1055.657227	695.832092
1054.536133	702.367493
1053.415039	671.002808
1052.292969	715.429504
1051.170898	726.412659
1050.048828	757.440735
1048.926758	757.273254
1047.803711	732.611145
1046.680664	763.617126
1045.557617	741.190247
1044.434570	714.322571
1043.310547	709.714844
1042.186523	669.520020
1041.062500	720.519836
1039.938477	689.233643
1038.813477	669.075439
1037.688477	708.929565
1036.563477	724.325562
1035.437500	668.630981
1034.312500	670.703735
1033.186523	732.725830
1032.060547	708.144653
1030.933594	745.717468
1029.806641	745.552124
1028.679688	723.202698
1027.552734	707.516907
1026.425781	698.490295
1025.297852	656.213562
1024.169922	669.366638
1023.041992	678.081970
1021.913086	669.069641
1020.784180	684.425964
1019.655273	675.416138
1018.526367	681.908203
1017.397461	679.543274
1016.267578	674.966370
1015.137695	668.178955
1014.006836	694.574829
1012.876953	676.728271
1011.746094	692.055176
1010.615234	698.533020
1009.484375	685.117432
1008.352539	691.593872
1007.220703	742.248779
1006.088867	717.789368
1004.957031	755.167297
1003.824219	774.867737
1002.691406	770.281128
1001.558594	730.390625
1000.425781	791.999634
999.291992	732.271240
998.158203	692.415588
997.024414	674.624207
995.889648	639.207397
994.755859	641.268738
993.621094	658.751343
992.485352	658.604614
991.350586	658.457886
990.214844	693.538513
989.079102	662.566895
987.943359	688.827942
986.807617	701.875793
985.670898	626.927856
984.534180	694.965027
983.396484	635.443298
982.259766	661.680847
981.122070	659.335449
979.984375	639.412659
978.846680	674.418823
977.708008	658.894043
976.569336	649.963684
975.430664	702.506531
974.291992	616.750732
973.152344	647.333923
972.012695	636.219971
970.873047	638.271179
969.733398	690.757690
968.592773	642.370667
967.452148	629.075623
966.311523	633.317810
965.169922	690.140137
964.029297	668.081421
962.887695	687.641418
961.745117	648.077454
960.603516	676.388916
959.460938	706.876099
958.318359	717.657715
957.175781	684.684692
956.032227	623.295288
954.888672	725.921692
953.745117	675.480591
952.601562	699.370056
951.457031	714.508606
950.313477	690.318359
949.167969	740.397034
948.023438	683.458130
946.877930	689.854065
945.733398	718.073059
944.586914	674.269897
943.441406	702.479553
942.294922	717.589722
941.148438	704.344849
940.001953	688.925659
938.854492	688.770996
937.708008	701.691284
936.560547	751.643188
935.412109	707.910522
934.264648	742.594604
933.116211	762.022522
931.967773	798.855408
930.819336	779.089722
929.669922	798.496155
928.520508	820.069031
927.371094	889.476807
926.221680	976.247437
925.071289	1023.850891
923.920898	1032.313599
922.770508	1088.573975
921.619141	1036.193237
920.468750	1053.334473
919.317383	1081.324463
918.165039	1002.930359
917.013672	1046.111450
915.861328	976.439880
914.708984	891.613953
913.556641	852.372925
912.403320	945.421753
911.250000	951.712158
910.096680	895.144470
908.943359	866.772339
907.789062	821.081360
906.634766	820.895935
905.480469	838.034241
904.325195	837.844910
903.170898	848.478027
902.015625	835.302307
900.859375	757.227234
899.704102	828.435608
898.547852	778.510132
897.391602	782.658081
896.235352	752.219360
895.078125	743.404907
893.920898	697.864624
892.763672	738.748169
891.606445	727.782959
890.448242	695.231567
889.290039	731.770508
888.131836	688.442200
886.972656	701.231995
885.814453	692.444458
884.655273	696.600769
883.495117	726.629150
882.335938	704.907532
881.175781	698.281982
880.015625	687.350037
878.854492	743.203552
877.694336	704.267761
876.533203	747.172546
875.372070	699.642456
874.209961	729.615051
873.047852	742.359863
871.885742	731.434753
870.723633	724.816101
869.561523	688.096130
868.398438	733.085693
867.235352	685.633789
866.071289	700.519592
864.908203	678.876709
863.744141	678.722168
862.580078	697.893921
861.415039	671.972412
860.250977	688.990417
859.085938	701.708801
857.919922	712.275879
856.754883	697.099060
855.588867	658.340332
854.422852	754.667542
853.256836	696.622131
852.089844	720.035767
850.922852	674.879456
849.755859	691.861206
848.588867	653.156311
847.420898	712.955261
846.252930	691.387207
845.084961	721.189575
843.916016	667.536194
842.747070	695.191223
841.578125	703.586487
840.409180	707.701660
839.239258	720.365173
838.070312	739.434143
836.899414	726.445190
835.729492	747.640015
834.558594	704.756226
833.387695	713.135254
832.216797	742.856873
831.044922	693.600952
829.874023	744.649963
828.702148	740.212769
827.529297	759.237183
826.357422	756.930725
825.184570	810.049744
824.010742	792.813965
822.837891	820.331360
821.664062	790.319519
820.490234	794.397400
819.316406	796.344116
818.141602	794.032227
816.966797	751.283936
815.791992	706.427490
814.617188	738.174500
813.441406	703.975525
812.265625	695.308167
811.089844	731.287231
809.914062	705.614624
808.737305	756.448608
807.560547	715.911255
806.382812	728.489502
805.206055	724.074707
804.028320	757.874023
802.850586	708.883789
801.671875	691.744873
800.494141	727.649414
799.314453	778.383850
798.135742	714.590637
796.957031	765.304504
795.777344	722.738281
794.597656	711.976257
793.416992	749.944397
792.237305	669.287048
791.056641	692.424744
789.875000	690.147461
788.694336	742.900818
787.512695	759.657043
786.331055	734.094482
785.149414	717.003906
783.966797	748.556213
782.784180	682.846313
781.601562	684.801514
780.417969	707.886658
779.234375	720.398010
778.050781	667.427917
776.867188	652.491577
775.682617	684.006958
774.499023	664.852295
773.313477	700.570312
772.128906	727.833008
770.943359	755.082947
769.757812	681.103516
768.572266	731.541504
767.385742	733.478943
766.199219	722.772095
765.012695	680.469421
763.826172	692.948242
762.638672	703.315369
761.451172	665.257019
760.263672	707.196899
759.075195	732.283081
757.886719	730.008362
756.698242	734.044556
755.509766	740.181458
754.320312	689.553467
753.130859	735.632019
751.941406	716.548279
750.750977	722.683167
749.560547	714.112854
748.370117	701.346680
747.179688	707.480591
745.988281	745.094421
744.796875	711.346069
743.605469	713.277283
742.413086	738.278687
741.220703	717.136719
740.028320	775.667725
738.835938	796.444824
737.642578	754.349609
736.449219	752.077576
735.255859	741.428833
734.061523	795.697083
732.867188	814.351135
731.672852	824.624512
730.478516	874.649719
729.283203	840.972473
728.087891	886.787109
726.892578	765.301147
725.696289	737.944519
724.500000	721.050659
723.303711	645.658447
722.107422	678.930542
720.910156	697.567139
719.712891	680.698364
718.514648	711.850830
717.317383	703.334656
716.119141	688.562683
714.920898	684.227905
713.721680	744.547729
712.522461	704.755310
711.323242	752.534058
710.124023	769.028748
708.923828	781.348389
707.723633	810.326843
706.523438	755.987122
705.323242	751.643799
704.122070	761.873840
702.920898	790.829041
701.718750	738.625610
700.517578	709.328369
699.315430	711.239685
698.112305	696.516785
696.910156	717.138000
695.707031	706.576782
694.503906	666.933044
693.299805	675.083191
692.096680	737.223206
690.892578	695.523987
689.687500	751.402222
688.483398	701.418457
687.278320	726.147888
686.073242	655.451599
684.867188	682.253723
683.661133	713.189392
682.455078	704.728333
681.249023	731.499207
680.041992	698.176697
678.834961	708.366211
677.627930	714.409180
676.419922	710.097900
675.212891	670.602661
674.003906	715.966125
672.795898	670.281799
671.586914	643.233765
670.377930	686.503113
669.168945	676.002258
667.958984	690.307739
666.749023	704.606323
665.539062	704.437317
664.329102	760.031433
663.118164	782.561890
661.907227	813.338623
660.695312	811.079407
659.483398	852.150818
658.271484	823.066406
657.059570	793.995850
655.846680	775.248352
654.634766	775.061707
653.420898	743.962463
652.208008	735.541870
650.994141	718.885864
649.780273	747.543396
648.566406	772.069275
647.351562	745.124329
646.136719	757.291565
644.920898	765.338135
643.706055	793.949280
642.490234	795.813782
641.274414	688.716125
640.057617	746.099915
638.840820	727.425476
637.624023	675.889893
636.407227	743.504211
635.189453	712.523315
633.971680	753.408203
632.753906	699.863464
631.535156	695.589905
630.316406	728.243286
629.097656	711.659302
627.877930	647.924194
626.659180	678.515137
625.438477	700.893494
624.218750	667.940613
622.998047	667.778076
621.777344	661.471741
620.556641	687.926880
619.334961	683.665405
618.113281	656.895508
616.891602	662.872986
615.668945	646.347961
614.446289	693.223022
613.223633	629.677124
612.000977	643.830627
610.777344	655.933655
609.553711	643.515808
608.329102	655.612793
607.105469	661.578064
605.880859	602.215210
604.655273	657.172180
603.430664	640.687805
602.205078	640.530701
600.978516	666.885864
599.752930	652.449829
598.526367	662.481628
597.299805	656.205139
596.072266	672.343079
594.844727	661.993286
593.617188	617.029602
592.389648	710.529114
591.161133	661.504578
589.932617	693.899963
588.704102	675.419373
587.474609	673.218933
586.245117	648.652161
585.015625	642.393372
583.785156	648.331909
582.554688	652.235535
581.324219	619.572144
580.092773	641.758667
578.862305	621.296082
577.629883	661.739868
576.398438	641.282227
575.166016	626.921265
573.933594	636.907715
572.701172	655.000549
571.467773	630.509644
570.234375	646.568054
569.000977	620.064819
567.766602	619.910767
566.532227	637.984802
565.297852	645.925476
564.062500	597.180603
562.827148	639.532471
561.591797	627.233154
560.355469	625.054016
559.119141	626.920532
557.882812	707.636902
556.646484	606.394531
555.409180	638.576111
554.171875	638.416565
552.933594	616.039185
